Time,Temperature,Dew Point,Humidity,Wind,Speed,Gust,Pressure,Precip. Rate.,Precip. Accum.,UV,Solar,tab_name,Date
00:04:00,56.8 °F,53.1 °F,87 %,WSW,8.2 mph,10.4 mph,29.48 in,0.00 in,0.00 in,0.0,0 w/m²,011024,2024-10-01
00:09:00,56.8 °F,52.9 °F,87 %,WSW,7.9 mph,9.8 mph,29.47 in,0.00 in,0.00 in,0.0,0 w/m²,011024,2024-10-01
00:14:00,57.0 °F,52.8 °F,86 %,West,10.3 mph,12.8 mph,29.47 in,0.00 in,0.00 in,0.0,0 w/m²,011024,2024-10-01
00:19:00,57.2 °F,52.7 °F,85 %,WSW,9.7 mph,12.2 mph,29.47 in,0.00 in,0.00 in,0.0,0 w/m²,011024,2024-10-01
00:24:00,57.2 °F,52.7 °F,85 %,WSW,9.7 mph,11.9 mph,29.47 in,0.00 in,0.00 in,0.0,0 w/m²,011024,2024-10-01
00:29:00,57.1 °F,52.6 °F,85 %,WSW,9.6 mph,11.6 mph,29.47 in,0.00 in,0.00 in,0.0,0 w/m²,011024,2024-10-01
00:34:00,57.0 °F,52.5 °F,85 %,WSW,9.8 mph,12.7 mph,29.47 in,0.00 in,0.00 in,0.0,0 w/m²,011024,2024-10-01
00:39:00,57.0 °F,52.5 °F,85 %,West,8.6 mph,10.6 mph,29.47 in,0.00 in,0.00 in,0.0,0 w/m²,011024,2024-10-01
00:44:00,56.8 °F,52.3 °F,85 %,WSW,9.1 mph,11.4 mph,29.47 in,0.00 in,0.00 in,0.0,0 w/m²,011024,2024-10-01
00:49:00,56.7 °F,52.2 °F,85 %,WSW,9.2 mph,11.5 mph,29.46 in,0.00 in,0.00 in,0.0,0 w/m²,011024,2024-10-01
00:54:00,56.8 °F,52.1 °F,84 %,WSW,10.7 mph,13.2 mph,29.47 in,0.00 in,0.00 in,0.0,0 w/m²,011024,2024-10-01
00:59:00,56.8 °F,52.0 °F,84 %,WSW,9.7 mph,12.1 mph,29.47 in,0.00 in,0.00 in,0.0,0 w/m²,011024,2024-10-01
01:04:00,56.8 °F,52.0 °F,84 %,WSW,9.4 mph,12.0 mph,29.47 in,0.00 in,0.00 in,0.0,0 w/m²,011024,2024-10-01
01:09:00,56.8 °F,51.9 °F,84 %,West,9.0 mph,10.9 mph,29.47 in,0.00 in,0.00 in,0.0,0 w/m²,011024,2024-10-01
01:14:00,56.6 °F,51.6 °F,84 %,West,10.3 mph,12.7 mph,29.47 in,0.00 in,0.00 in,0.0,0 w/m²,011024,2024-10-01
01:19:00,56.6 °F,51.5 °F,83 %,WSW,11.6 mph,15.1 mph,29.47 in,0.00 in,0.00 in,0.0,0 w/m²,011024,2024-10-01
01:24:00,56.5 °F,51.3 °F,83 %,WSW,10.0 mph,12.6 mph,29.47 in,0.00 in,0.00 in,0.0,0 w/m²,011024,2024-10-01
01:29:00,56.4 °F,51.4 °F,83 %,WSW,9.1 mph,11.7 mph,29.47 in,0.00 in,0.00 in,0.0,0 w/m²,011024,2024-10-01
01:34:00,56.3 °F,51.2 °F,83 %,WSW,9.6 mph,12.3 mph,29.47 in,0.00 in,0.00 in,0.0,0 w/m²,011024,2024-10-01
01:39:00,56.3 °F,50.9 °F,82 %,WSW,11.8 mph,15.2 mph,29.47 in,0.00 in,0.00 in,0.0,0 w/m²,011024,2024-10-01
01:44:00,56.3 °F,50.9 °F,82 %,WSW,9.2 mph,11.5 mph,29.47 in,0.00 in,0.00 in,0.0,0 w/m²,011024,2024-10-01
01:49:00,56.2 °F,50.8 °F,82 %,WSW,9.2 mph,11.5 mph,29.47 in,0.00 in,0.00 in,0.0,0 w/m²,011024,2024-10-01
01:54:00,56.2 °F,50.8 °F,82 %,West,11.0 mph,14.1 mph,29.48 in,0.00 in,0.00 in,0.0,0 w/m²,011024,2024-10-01
01:59:00,56.2 °F,50.8 °F,82 %,WSW,9.0 mph,11.2 mph,29.48 in,0.00 in,0.00 in,0.0,0 w/m²,011024,2024-10-01
02:04:00,56.1 °F,50.7 °F,82 %,WSW,10.5 mph,13.8 mph,29.48 in,0.00 in,0.00 in,0.0,0 w/m²,011024,2024-10-01
02:09:00,56.1 °F,50.7 °F,82 %,WSW,10.6 mph,13.1 mph,29.48 in,0.00 in,0.00 in,0.0,0 w/m²,011024,2024-10-01
02:14:00,56.1 °F,50.7 °F,82 %,WSW,10.5 mph,13.2 mph,29.48 in,0.00 in,0.00 in,0.0,0 w/m²,011024,2024-10-01
02:19:00,56.0 °F,50.6 °F,82 %,WSW,8.9 mph,11.6 mph,29.48 in,0.00 in,0.00 in,0.0,0 w/m²,011024,2024-10-01
02:24:00,55.9 °F,50.5 °F,82 %,WSW,10.3 mph,13.4 mph,29.48 in,0.00 in,0.00 in,0.0,0 w/m²,011024,2024-10-01
02:29:00,55.9 °F,50.4 °F,82 %,West,10.4 mph,13.0 mph,29.48 in,0.00 in,0.00 in,0.0,0 w/m²,011024,2024-10-01
02:34:00,55.9 °F,50.4 °F,82 %,West,10.4 mph,12.6 mph,29.48 in,0.00 in,0.00 in,0.0,0 w/m²,011024,2024-10-01
02:39:00,55.8 °F,50.4 °F,82 %,WSW,8.8 mph,11.4 mph,29.48 in,0.00 in,0.00 in,0.0,0 w/m²,011024,2024-10-01
02:44:00,55.8 °F,50.2 °F,82 %,WSW,10.7 mph,13.3 mph,29.48 in,0.00 in,0.00 in,0.0,0 w/m²,011024,2024-10-01
02:49:00,55.8 °F,50.4 °F,82 %,WSW,10.0 mph,12.3 mph,29.49 in,0.00 in,0.00 in,0.0,0 w/m²,011024,2024-10-01
02:54:00,55.6 °F,50.2 °F,82 %,WSW,10.5 mph,13.1 mph,29.48 in,0.00 in,0.00 in,0.0,0 w/m²,011024,2024-10-01
02:59:00,55.6 °F,50.2 °F,82 %,West,11.3 mph,14.0 mph,29.48 in,0.00 in,0.00 in,0.0,0 w/m²,011024,2024-10-01
03:04:00,55.6 °F,50.2 °F,82 %,WSW,10.8 mph,13.4 mph,29.48 in,0.00 in,0.00 in,0.0,0 w/m²,011024,2024-10-01
03:09:00,55.5 °F,50.1 °F,82 %,WSW,10.4 mph,13.1 mph,29.48 in,0.00 in,0.00 in,0.0,0 w/m²,011024,2024-10-01
03:14:00,55.4 °F,50.0 °F,82 %,WSW,9.8 mph,12.2 mph,29.48 in,0.00 in,0.00 in,0.0,0 w/m²,011024,2024-10-01
03:19:00,55.4 °F,50.0 °F,82 %,West,10.4 mph,13.5 mph,29.48 in,0.00 in,0.00 in,0.0,0 w/m²,011024,2024-10-01
03:24:00,55.3 °F,49.9 °F,82 %,West,10.6 mph,13.1 mph,29.48 in,0.00 in,0.00 in,0.0,0 w/m²,011024,2024-10-01
03:29:00,55.2 °F,49.8 °F,82 %,WSW,11.2 mph,13.8 mph,29.48 in,0.00 in,0.00 in,0.0,0 w/m²,011024,2024-10-01
03:34:00,55.2 °F,49.8 °F,82 %,WSW,10.7 mph,13.0 mph,29.48 in,0.00 in,0.00 in,0.0,0 w/m²,011024,2024-10-01
03:39:00,55.1 °F,49.8 °F,82 %,West,10.5 mph,13.2 mph,29.48 in,0.00 in,0.00 in,0.0,0 w/m²,011024,2024-10-01
03:44:00,54.9 °F,50.2 °F,84 %,WSW,10.8 mph,14.4 mph,29.48 in,0.00 in,0.00 in,0.0,0 w/m²,011024,2024-10-01
03:49:00,54.4 °F,50.2 °F,86 %,WSW,11.7 mph,14.4 mph,29.49 in,0.00 in,0.00 in,0.0,0 w/m²,011024,2024-10-01
03:54:00,54.0 °F,50.4 °F,87 %,West,10.1 mph,12.8 mph,29.48 in,0.00 in,0.00 in,0.0,0 w/m²,011024,2024-10-01
03:59:00,53.8 °F,50.4 °F,89 %,West,9.1 mph,11.5 mph,29.49 in,0.00 in,0.00 in,0.0,0 w/m²,011024,2024-10-01
04:04:00,53.5 °F,50.5 °F,90 %,West,8.6 mph,10.5 mph,29.49 in,0.00 in,0.00 in,0.0,0 w/m²,011024,2024-10-01
04:09:00,53.3 °F,50.6 °F,91 %,West,8.3 mph,10.5 mph,29.48 in,0.07 in,0.01 in,0.0,0 w/m²,011024,2024-10-01
04:14:00,53.2 °F,50.6 °F,91 %,West,8.5 mph,10.9 mph,29.48 in,0.07 in,0.01 in,0.0,0 w/m²,011024,2024-10-01
04:19:00,53.1 °F,50.8 °F,92 %,West,8.6 mph,10.7 mph,29.48 in,0.07 in,0.01 in,0.0,0 w/m²,011024,2024-10-01
04:24:00,53.0 °F,50.8 °F,92 %,WSW,7.8 mph,10.0 mph,29.48 in,0.00 in,0.01 in,0.0,0 w/m²,011024,2024-10-01
04:29:00,52.9 °F,50.9 °F,93 %,WSW,8.5 mph,11.2 mph,29.49 in,0.00 in,0.01 in,0.0,0 w/m²,011024,2024-10-01
04:34:00,52.7 °F,50.8 °F,93 %,WSW,8.9 mph,11.2 mph,29.49 in,0.05 in,0.02 in,0.0,0 w/m²,011024,2024-10-01
04:39:00,52.7 °F,50.9 °F,94 %,WSW,9.0 mph,11.7 mph,29.49 in,0.05 in,0.02 in,0.0,0 w/m²,011024,2024-10-01
04:44:00,52.5 °F,50.7 °F,94 %,West,9.6 mph,12.0 mph,29.49 in,0.07 in,0.03 in,0.0,0 w/m²,011024,2024-10-01
04:49:00,52.5 °F,50.9 °F,94 %,WSW,9.0 mph,11.0 mph,29.49 in,0.12 in,0.04 in,0.0,0 w/m²,011024,2024-10-01
04:54:00,52.5 °F,51.1 °F,95 %,West,9.2 mph,12.3 mph,29.49 in,0.12 in,0.04 in,0.0,0 w/m²,011024,2024-10-01
04:59:00,52.3 °F,50.9 °F,95 %,WSW,10.2 mph,12.9 mph,29.49 in,0.05 in,0.04 in,0.0,0 w/m²,011024,2024-10-01
05:04:00,52.3 °F,50.9 °F,95 %,West,8.6 mph,10.9 mph,29.49 in,0.07 in,0.05 in,0.0,0 w/m²,011024,2024-10-01
05:09:00,52.3 °F,50.9 °F,95 %,West,8.2 mph,10.4 mph,29.49 in,0.07 in,0.05 in,0.0,0 w/m²,011024,2024-10-01
05:14:00,52.3 °F,50.9 °F,95 %,West,9.0 mph,11.0 mph,29.49 in,0.12 in,0.06 in,0.0,0 w/m²,011024,2024-10-01
05:19:00,52.3 °F,51.0 °F,95 %,WSW,9.8 mph,12.4 mph,29.49 in,0.05 in,0.06 in,0.0,0 w/m²,011024,2024-10-01
05:24:00,52.3 °F,51.3 °F,96 %,WSW,10.2 mph,12.7 mph,29.50 in,0.05 in,0.06 in,0.0,0 w/m²,011024,2024-10-01
05:29:00,52.3 °F,51.3 °F,96 %,West,9.7 mph,12.3 mph,29.49 in,0.00 in,0.06 in,0.0,0 w/m²,011024,2024-10-01
05:34:00,52.2 °F,51.2 °F,96 %,WSW,9.8 mph,11.9 mph,29.49 in,0.00 in,0.06 in,0.0,0 w/m²,011024,2024-10-01
05:39:00,52.2 °F,51.1 °F,96 %,WSW,8.8 mph,11.4 mph,29.49 in,0.00 in,0.06 in,0.0,0 w/m²,011024,2024-10-01
05:44:00,52.2 °F,51.1 °F,96 %,WSW,9.6 mph,12.2 mph,29.49 in,0.00 in,0.06 in,0.0,0 w/m²,011024,2024-10-01
05:49:00,52.2 °F,51.1 °F,96 %,WSW,8.6 mph,11.1 mph,29.49 in,0.00 in,0.06 in,0.0,0 w/m²,011024,2024-10-01
05:54:00,52.2 °F,51.1 °F,96 %,WSW,9.7 mph,11.9 mph,29.50 in,0.00 in,0.06 in,0.0,0 w/m²,011024,2024-10-01
05:59:00,52.2 °F,51.2 °F,96 %,West,8.2 mph,10.7 mph,29.50 in,0.00 in,0.06 in,0.0,0 w/m²,011024,2024-10-01
06:04:00,52.3 °F,51.0 °F,95 %,WSW,7.0 mph,9.0 mph,29.50 in,0.00 in,0.06 in,0.0,0 w/m²,011024,2024-10-01
06:09:00,52.3 °F,50.9 °F,95 %,WSW,9.2 mph,11.5 mph,29.50 in,0.00 in,0.06 in,0.0,0 w/m²,011024,2024-10-01
06:14:00,52.3 °F,50.9 °F,95 %,WSW,9.3 mph,11.5 mph,29.50 in,0.00 in,0.06 in,0.0,0 w/m²,011024,2024-10-01
06:19:00,52.3 °F,50.9 °F,95 %,WSW,8.3 mph,10.9 mph,29.50 in,0.00 in,0.06 in,0.0,0 w/m²,011024,2024-10-01
06:24:00,52.3 °F,50.9 °F,95 %,WSW,7.7 mph,9.6 mph,29.50 in,0.00 in,0.06 in,0.0,0 w/m²,011024,2024-10-01
06:29:00,52.4 °F,50.8 °F,94 %,WSW,8.2 mph,10.3 mph,29.50 in,0.00 in,0.06 in,0.0,0 w/m²,011024,2024-10-01
06:34:00,52.6 °F,50.8 °F,94 %,WSW,7.4 mph,9.4 mph,29.50 in,0.00 in,0.06 in,0.0,0 w/m²,011024,2024-10-01
06:39:00,52.7 °F,50.7 °F,93 %,WSW,7.2 mph,9.2 mph,29.50 in,0.00 in,0.06 in,0.0,0 w/m²,011024,2024-10-01
06:44:00,52.9 °F,50.9 °F,93 %,WSW,8.2 mph,10.0 mph,29.50 in,0.00 in,0.06 in,0.0,0 w/m²,011024,2024-10-01
06:49:00,53.1 °F,50.9 °F,92 %,WSW,7.7 mph,9.7 mph,29.50 in,0.00 in,0.06 in,0.0,0 w/m²,011024,2024-10-01
06:54:00,53.1 °F,50.9 °F,92 %,WSW,8.4 mph,10.5 mph,29.50 in,0.00 in,0.06 in,0.0,0 w/m²,011024,2024-10-01
06:59:00,53.2 °F,50.9 °F,92 %,WSW,8.3 mph,10.4 mph,29.50 in,0.00 in,0.06 in,0.0,0 w/m²,011024,2024-10-01
07:04:00,53.2 °F,50.7 °F,91 %,WSW,8.9 mph,11.5 mph,29.50 in,0.00 in,0.06 in,0.0,0 w/m²,011024,2024-10-01
07:09:00,53.2 °F,50.7 °F,91 %,WSW,8.8 mph,11.0 mph,29.50 in,0.00 in,0.06 in,0.0,0 w/m²,011024,2024-10-01
07:14:00,53.2 °F,50.7 °F,91 %,WSW,8.9 mph,10.9 mph,29.50 in,0.07 in,0.07 in,0.0,0 w/m²,011024,2024-10-01
07:19:00,53.3 °F,50.8 °F,91 %,WSW,8.4 mph,10.8 mph,29.50 in,0.07 in,0.07 in,0.0,0 w/m²,011024,2024-10-01
07:24:00,53.2 °F,50.5 °F,90 %,WSW,9.1 mph,11.3 mph,29.50 in,0.07 in,0.07 in,0.0,0 w/m²,011024,2024-10-01
07:29:00,53.4 °F,50.5 °F,90 %,West,7.5 mph,9.5 mph,29.50 in,0.00 in,0.07 in,0.0,0 w/m²,011024,2024-10-01
07:34:00,53.4 °F,50.5 °F,90 %,WSW,8.9 mph,11.0 mph,29.50 in,0.00 in,0.07 in,0.0,0.1 w/m²,011024,2024-10-01
07:39:00,53.4 °F,50.5 °F,90 %,WSW,7.5 mph,9.6 mph,29.50 in,0.00 in,0.07 in,0.0,0.2 w/m²,011024,2024-10-01
07:44:00,53.4 °F,50.5 °F,90 %,WSW,9.4 mph,12.0 mph,29.51 in,0.00 in,0.07 in,0.0,0.4 w/m²,011024,2024-10-01
07:49:00,53.4 °F,50.5 °F,90 %,WSW,9.0 mph,11.1 mph,29.50 in,0.00 in,0.07 in,0.0,0.8 w/m²,011024,2024-10-01
07:54:00,53.4 °F,50.5 °F,90 %,WSW,8.2 mph,10.3 mph,29.50 in,0.00 in,0.07 in,0.0,1.5 w/m²,011024,2024-10-01
07:59:00,53.4 °F,50.5 °F,90 %,WSW,7.0 mph,9.3 mph,29.51 in,0.00 in,0.07 in,0.0,3.2 w/m²,011024,2024-10-01
08:04:00,53.4 °F,50.5 °F,90 %,West,7.2 mph,9.2 mph,29.51 in,0.00 in,0.07 in,0.0,3.7 w/m²,011024,2024-10-01
08:09:00,53.3 °F,50.8 °F,91 %,WSW,8.7 mph,10.8 mph,29.50 in,0.00 in,0.07 in,0.0,3.4 w/m²,011024,2024-10-01
08:14:00,53.2 °F,50.7 °F,91 %,WSW,8.9 mph,11.3 mph,29.50 in,0.00 in,0.07 in,0.0,4.4 w/m²,011024,2024-10-01
08:19:00,53.4 °F,50.9 °F,91 %,WSW,8.8 mph,11.4 mph,29.51 in,0.00 in,0.07 in,0.0,4.8 w/m²,011024,2024-10-01
08:24:00,53.4 °F,50.9 °F,91 %,WSW,9.0 mph,11.4 mph,29.51 in,0.00 in,0.07 in,0.0,6.7 w/m²,011024,2024-10-01
08:29:00,53.4 °F,50.9 °F,91 %,WSW,7.8 mph,9.5 mph,29.51 in,0.00 in,0.07 in,0.0,5.4 w/m²,011024,2024-10-01
08:34:00,53.3 °F,50.8 °F,91 %,WSW,7.3 mph,9.1 mph,29.51 in,0.00 in,0.07 in,0.0,5.6 w/m²,011024,2024-10-01
08:39:00,53.2 °F,50.7 °F,91 %,WSW,8.2 mph,10.1 mph,29.51 in,0.00 in,0.07 in,0.0,4.5 w/m²,011024,2024-10-01
08:44:00,53.2 °F,50.7 °F,91 %,WSW,9.4 mph,11.8 mph,29.51 in,0.00 in,0.07 in,0.0,4.9 w/m²,011024,2024-10-01
08:49:00,53.4 °F,50.9 °F,91 %,WSW,8.9 mph,10.9 mph,29.51 in,0.00 in,0.07 in,0.0,4.7 w/m²,011024,2024-10-01
08:54:00,53.4 °F,50.9 °F,91 %,WSW,9.0 mph,11.2 mph,29.51 in,0.00 in,0.07 in,0.0,9.4 w/m²,011024,2024-10-01
08:59:00,53.4 °F,50.9 °F,91 %,WSW,8.3 mph,10.7 mph,29.51 in,0.00 in,0.07 in,0.0,10.5 w/m²,011024,2024-10-01
09:04:00,53.4 °F,50.9 °F,91 %,WSW,9.3 mph,11.2 mph,29.52 in,0.00 in,0.07 in,0.0,13.6 w/m²,011024,2024-10-01
09:09:00,53.4 °F,50.9 °F,91 %,West,7.7 mph,9.4 mph,29.52 in,0.00 in,0.07 in,0.0,22.8 w/m²,011024,2024-10-01
09:14:00,53.4 °F,50.9 °F,91 %,WSW,8.3 mph,10.6 mph,29.52 in,0.00 in,0.07 in,0.0,14.3 w/m²,011024,2024-10-01
09:19:00,53.4 °F,50.9 °F,91 %,WSW,9.3 mph,11.6 mph,29.52 in,0.00 in,0.07 in,0.0,16.9 w/m²,011024,2024-10-01
09:24:00,53.5 °F,51.0 °F,91 %,WSW,8.6 mph,11.0 mph,29.52 in,0.00 in,0.07 in,0.0,19.3 w/m²,011024,2024-10-01
09:29:00,53.6 °F,51.1 °F,91 %,WSW,8.4 mph,10.5 mph,29.52 in,0.00 in,0.07 in,0.0,26.5 w/m²,011024,2024-10-01
09:34:00,53.6 °F,51.1 °F,91 %,WSW,8.3 mph,10.2 mph,29.52 in,0.00 in,0.07 in,0.0,45.5 w/m²,011024,2024-10-01
09:39:00,53.7 °F,51.2 °F,91 %,WSW,9.1 mph,11.5 mph,29.52 in,0.00 in,0.07 in,0.0,35.3 w/m²,011024,2024-10-01
09:44:00,53.6 °F,51.1 °F,91 %,WSW,8.1 mph,10.4 mph,29.53 in,0.00 in,0.07 in,0.0,31.8 w/m²,011024,2024-10-01
09:49:00,53.7 °F,51.2 °F,91 %,WSW,9.1 mph,11.4 mph,29.52 in,0.00 in,0.07 in,0.0,32.7 w/m²,011024,2024-10-01
09:54:00,53.6 °F,51.1 °F,91 %,WSW,7.7 mph,9.6 mph,29.52 in,0.00 in,0.07 in,0.0,30 w/m²,011024,2024-10-01
09:59:00,53.7 °F,51.2 °F,91 %,WSW,8.7 mph,11.0 mph,29.52 in,0.00 in,0.07 in,0.0,28.2 w/m²,011024,2024-10-01
10:04:00,53.8 °F,51.3 °F,91 %,WSW,8.3 mph,10.3 mph,29.53 in,0.00 in,0.07 in,0.0,36.2 w/m²,011024,2024-10-01
10:09:00,53.8 °F,51.3 °F,91 %,WSW,8.5 mph,10.5 mph,29.52 in,0.00 in,0.07 in,0.0,39.8 w/m²,011024,2024-10-01
10:14:00,53.8 °F,51.3 °F,91 %,WSW,8.2 mph,10.3 mph,29.53 in,0.00 in,0.07 in,0.0,45.5 w/m²,011024,2024-10-01
10:19:00,53.8 °F,51.3 °F,91 %,WSW,8.5 mph,10.6 mph,29.53 in,0.00 in,0.07 in,0.0,39.5 w/m²,011024,2024-10-01
10:24:00,53.8 °F,51.3 °F,91 %,WSW,8.7 mph,10.7 mph,29.53 in,0.00 in,0.07 in,0.0,34.9 w/m²,011024,2024-10-01
10:29:00,54.0 °F,51.4 °F,91 %,WSW,8.9 mph,11.0 mph,29.53 in,0.00 in,0.07 in,0.0,36.7 w/m²,011024,2024-10-01
10:34:00,54.0 °F,51.1 °F,90 %,WSW,8.7 mph,10.9 mph,29.53 in,0.00 in,0.07 in,0.0,33.3 w/m²,011024,2024-10-01
10:39:00,54.0 °F,51.1 °F,90 %,WSW,8.6 mph,11.0 mph,29.53 in,0.00 in,0.07 in,0.0,35.6 w/m²,011024,2024-10-01
10:44:00,54.0 °F,51.1 °F,90 %,West,8.0 mph,10.2 mph,29.53 in,0.00 in,0.07 in,0.0,39.2 w/m²,011024,2024-10-01
10:49:00,54.0 °F,51.2 °F,90 %,WSW,9.0 mph,11.1 mph,29.53 in,0.00 in,0.07 in,0.0,40.7 w/m²,011024,2024-10-01
10:54:00,54.1 °F,51.3 °F,90 %,WSW,7.6 mph,10.0 mph,29.53 in,0.00 in,0.07 in,0.0,45.4 w/m²,011024,2024-10-01
10:59:00,54.1 °F,51.3 °F,90 %,WSW,8.0 mph,10.0 mph,29.53 in,0.00 in,0.07 in,0.0,47.2 w/m²,011024,2024-10-01
11:04:00,54.1 °F,51.3 °F,90 %,WSW,7.5 mph,9.4 mph,29.53 in,0.00 in,0.07 in,0.0,51 w/m²,011024,2024-10-01
11:09:00,54.1 °F,51.2 °F,90 %,West,9.1 mph,11.4 mph,29.53 in,0.00 in,0.07 in,0.0,45.6 w/m²,011024,2024-10-01
11:14:00,54.0 °F,51.3 °F,91 %,WSW,9.1 mph,11.3 mph,29.53 in,0.00 in,0.07 in,0.0,60.5 w/m²,011024,2024-10-01
11:19:00,54.1 °F,51.5 °F,91 %,WSW,7.9 mph,9.7 mph,29.53 in,0.00 in,0.07 in,0.0,63 w/m²,011024,2024-10-01
11:24:00,54.1 °F,52.0 °F,92 %,WSW,8.1 mph,10.0 mph,29.53 in,0.00 in,0.07 in,0.0,77.6 w/m²,011024,2024-10-01
11:29:00,54.1 °F,52.0 °F,92 %,WSW,9.8 mph,12.2 mph,29.53 in,0.00 in,0.07 in,1.0,119 w/m²,011024,2024-10-01
11:34:00,54.3 °F,52.0 °F,92 %,WSW,7.9 mph,10.0 mph,29.53 in,0.00 in,0.07 in,1.0,157.1 w/m²,011024,2024-10-01
11:39:00,54.7 °F,52.1 °F,91 %,WSW,8.7 mph,10.5 mph,29.53 in,0.00 in,0.07 in,1.0,174.4 w/m²,011024,2024-10-01
11:44:00,55.0 °F,52.2 °F,90 %,WSW,6.8 mph,8.4 mph,29.53 in,0.00 in,0.07 in,1.0,149.6 w/m²,011024,2024-10-01
11:49:00,55.2 °F,52.1 °F,89 %,WSW,7.1 mph,8.9 mph,29.53 in,0.00 in,0.07 in,0.0,96.5 w/m²,011024,2024-10-01
11:54:00,55.2 °F,51.9 °F,89 %,WSW,6.7 mph,8.9 mph,29.53 in,0.00 in,0.07 in,0.0,102.1 w/m²,011024,2024-10-01
11:59:00,55.6 °F,51.9 °F,88 %,WSW,7.4 mph,9.5 mph,29.53 in,0.00 in,0.07 in,1.0,107.6 w/m²,011024,2024-10-01
12:04:00,55.8 °F,52.0 °F,87 %,West,9.2 mph,11.8 mph,29.53 in,0.00 in,0.07 in,1.0,142.8 w/m²,011024,2024-10-01
12:09:00,55.9 °F,51.7 °F,86 %,WSW,10.3 mph,12.8 mph,29.53 in,0.00 in,0.07 in,2.0,241.8 w/m²,011024,2024-10-01
12:14:00,56.4 °F,51.7 °F,85 %,WSW,10.1 mph,12.9 mph,29.52 in,0.00 in,0.07 in,2.0,303.6 w/m²,011024,2024-10-01
12:19:00,56.7 °F,51.8 °F,84 %,WSW,11.5 mph,14.3 mph,29.52 in,0.00 in,0.07 in,2.0,252.5 w/m²,011024,2024-10-01
12:24:00,56.8 °F,51.9 °F,84 %,West,9.5 mph,11.6 mph,29.52 in,0.00 in,0.07 in,2.0,284.5 w/m²,011024,2024-10-01
12:29:00,56.8 °F,52.0 °F,84 %,West,7.8 mph,9.8 mph,29.52 in,0.00 in,0.07 in,1.0,183 w/m²,011024,2024-10-01
12:34:00,56.8 °F,52.0 °F,84 %,WSW,8.9 mph,11.2 mph,29.52 in,0.00 in,0.07 in,1.0,172.5 w/m²,011024,2024-10-01
12:39:00,56.7 °F,51.8 °F,84 %,WSW,8.1 mph,10.4 mph,29.52 in,0.00 in,0.07 in,1.0,192.4 w/m²,011024,2024-10-01
12:44:00,56.8 °F,52.1 °F,84 %,WSW,7.9 mph,9.9 mph,29.53 in,0.00 in,0.07 in,1.0,181.5 w/m²,011024,2024-10-01
12:49:00,56.7 °F,52.0 °F,85 %,West,9.1 mph,11.8 mph,29.52 in,0.00 in,0.07 in,1.0,190 w/m²,011024,2024-10-01
12:54:00,57.0 °F,52.4 °F,85 %,WSW,8.4 mph,10.5 mph,29.52 in,0.00 in,0.07 in,5.0,523.5 w/m²,011024,2024-10-01
12:59:00,57.4 °F,52.5 °F,84 %,WSW,9.7 mph,12.3 mph,29.51 in,0.00 in,0.07 in,2.0,224.8 w/m²,011024,2024-10-01
13:04:00,57.2 °F,52.4 °F,84 %,WSW,7.9 mph,10.0 mph,29.52 in,0.00 in,0.07 in,2.0,238.2 w/m²,011024,2024-10-01
13:09:00,57.3 °F,52.4 °F,84 %,West,9.9 mph,13.0 mph,29.52 in,0.00 in,0.07 in,2.0,231.8 w/m²,011024,2024-10-01
13:14:00,57.5 °F,52.7 °F,84 %,WSW,7.5 mph,9.5 mph,29.52 in,0.00 in,0.07 in,2.0,221.8 w/m²,011024,2024-10-01
13:19:00,57.7 °F,52.8 °F,84 %,WSW,7.8 mph,10.1 mph,29.52 in,0.00 in,0.07 in,3.0,310.9 w/m²,011024,2024-10-01
13:24:00,57.7 °F,52.9 °F,84 %,West,8.2 mph,10.2 mph,29.51 in,0.00 in,0.07 in,1.0,182.8 w/m²,011024,2024-10-01
13:29:00,57.7 °F,52.9 °F,84 %,WSW,10.2 mph,12.8 mph,29.52 in,0.00 in,0.07 in,2.0,238.1 w/m²,011024,2024-10-01
13:34:00,57.9 °F,52.9 °F,84 %,WSW,7.3 mph,9.4 mph,29.51 in,0.00 in,0.07 in,1.0,181.7 w/m²,011024,2024-10-01
13:39:00,57.8 °F,53.0 °F,84 %,WSW,6.4 mph,8.6 mph,29.51 in,0.00 in,0.07 in,1.0,128.8 w/m²,011024,2024-10-01
13:44:00,57.7 °F,52.9 °F,84 %,West,7.6 mph,9.8 mph,29.52 in,0.00 in,0.07 in,1.0,136 w/m²,011024,2024-10-01
13:49:00,57.9 °F,52.9 °F,84 %,West,6.0 mph,7.9 mph,29.51 in,0.00 in,0.07 in,1.0,107.2 w/m²,011024,2024-10-01
13:54:00,57.9 °F,52.7 °F,83 %,WSW,7.1 mph,9.1 mph,29.51 in,0.00 in,0.07 in,1.0,138.7 w/m²,011024,2024-10-01
13:59:00,58.1 °F,52.8 °F,82 %,West,8.3 mph,10.3 mph,29.51 in,0.00 in,0.07 in,1.0,140.2 w/m²,011024,2024-10-01
14:04:00,58.4 °F,53.0 °F,82 %,WSW,7.7 mph,9.7 mph,29.51 in,0.00 in,0.07 in,2.0,214.4 w/m²,011024,2024-10-01
14:09:00,58.7 °F,53.1 °F,82 %,WSW,8.4 mph,11.1 mph,29.51 in,0.00 in,0.07 in,2.0,208.1 w/m²,011024,2024-10-01
14:14:00,58.6 °F,53.2 °F,82 %,WSW,5.7 mph,7.9 mph,29.51 in,0.00 in,0.07 in,1.0,133.2 w/m²,011024,2024-10-01
14:19:00,58.6 °F,53.2 °F,82 %,West,6.2 mph,8.8 mph,29.51 in,0.00 in,0.07 in,1.0,115.2 w/m²,011024,2024-10-01
14:24:00,58.4 °F,53.1 °F,83 %,WSW,6.6 mph,8.6 mph,29.51 in,0.00 in,0.07 in,0.0,102.5 w/m²,011024,2024-10-01
14:29:00,58.3 °F,52.9 °F,82 %,West,7.2 mph,9.2 mph,29.51 in,0.00 in,0.07 in,1.0,108.7 w/m²,011024,2024-10-01
14:34:00,58.3 °F,52.9 °F,82 %,WSW,5.1 mph,6.7 mph,29.51 in,0.00 in,0.07 in,0.0,102.4 w/m²,011024,2024-10-01
14:39:00,58.3 °F,52.8 °F,82 %,WSW,8.1 mph,10.8 mph,29.51 in,0.00 in,0.07 in,1.0,109.2 w/m²,011024,2024-10-01
14:44:00,58.5 °F,52.7 °F,81 %,West,9.3 mph,11.9 mph,29.51 in,0.00 in,0.07 in,1.0,195.6 w/m²,011024,2024-10-01
14:49:00,58.9 °F,52.9 °F,80 %,West,7.4 mph,9.6 mph,29.50 in,0.00 in,0.07 in,1.0,188.9 w/m²,011024,2024-10-01
14:54:00,58.9 °F,53.2 °F,81 %,WSW,6.1 mph,7.4 mph,29.51 in,0.00 in,0.07 in,0.0,98.3 w/m²,011024,2024-10-01
14:59:00,58.8 °F,53.1 °F,81 %,WSW,7.1 mph,9.2 mph,29.50 in,0.00 in,0.07 in,1.0,131 w/m²,011024,2024-10-01
15:04:00,58.7 °F,53.0 °F,81 %,WSW,8.9 mph,10.9 mph,29.50 in,0.00 in,0.07 in,1.0,129.9 w/m²,011024,2024-10-01
15:09:00,58.6 °F,52.9 °F,81 %,West,8.3 mph,10.8 mph,29.50 in,0.00 in,0.07 in,1.0,114.2 w/m²,011024,2024-10-01
15:14:00,58.6 °F,52.8 °F,81 %,WSW,7.7 mph,9.5 mph,29.50 in,0.00 in,0.07 in,1.0,123.6 w/m²,011024,2024-10-01
15:19:00,58.7 °F,52.7 °F,80 %,WSW,8.1 mph,10.3 mph,29.50 in,0.00 in,0.07 in,1.0,182.8 w/m²,011024,2024-10-01
15:24:00,59.0 °F,53.0 °F,80 %,West,8.7 mph,11.5 mph,29.50 in,0.00 in,0.07 in,1.0,202.6 w/m²,011024,2024-10-01
15:29:00,59.1 °F,53.0 °F,80 %,WSW,8.3 mph,10.9 mph,29.50 in,0.00 in,0.07 in,1.0,153.8 w/m²,011024,2024-10-01
15:34:00,59.2 °F,53.1 °F,80 %,WSW,7.3 mph,9.2 mph,29.50 in,0.00 in,0.07 in,1.0,113.4 w/m²,011024,2024-10-01
15:39:00,59.2 °F,53.1 °F,80 %,West,7.8 mph,9.7 mph,29.50 in,0.00 in,0.07 in,1.0,140.5 w/m²,011024,2024-10-01
15:44:00,59.4 °F,53.2 °F,80 %,WSW,8.0 mph,9.8 mph,29.50 in,0.00 in,0.07 in,2.0,258.9 w/m²,011024,2024-10-01
15:49:00,60.0 °F,53.3 °F,79 %,WSW,6.9 mph,8.7 mph,29.49 in,0.00 in,0.07 in,2.0,240.4 w/m²,011024,2024-10-01
15:54:00,60.3 °F,53.5 °F,78 %,WSW,7.8 mph,9.6 mph,29.49 in,0.00 in,0.07 in,2.0,273.9 w/m²,011024,2024-10-01
15:59:00,60.2 °F,53.5 °F,78 %,WSW,8.4 mph,10.3 mph,29.49 in,0.00 in,0.07 in,1.0,196.7 w/m²,011024,2024-10-01
16:04:00,59.8 °F,53.4 °F,79 %,WSW,7.7 mph,9.3 mph,29.49 in,0.00 in,0.07 in,1.0,204.9 w/m²,011024,2024-10-01
16:09:00,59.9 °F,53.4 °F,79 %,WSW,6.0 mph,7.7 mph,29.49 in,0.00 in,0.07 in,2.0,235.8 w/m²,011024,2024-10-01
16:14:00,59.9 °F,53.3 °F,79 %,WSW,7.7 mph,9.3 mph,29.49 in,0.00 in,0.07 in,2.0,210.1 w/m²,011024,2024-10-01
16:19:00,59.6 °F,53.3 °F,80 %,WSW,5.6 mph,6.9 mph,29.49 in,0.00 in,0.07 in,1.0,150.1 w/m²,011024,2024-10-01
16:24:00,59.4 °F,53.5 °F,81 %,WSW,5.4 mph,6.7 mph,29.48 in,0.00 in,0.07 in,0.0,71.7 w/m²,011024,2024-10-01
16:29:00,59.1 °F,53.5 °F,81 %,WSW,3.7 mph,4.5 mph,29.49 in,0.00 in,0.07 in,0.0,57.8 w/m²,011024,2024-10-01
16:34:00,58.9 °F,53.4 °F,82 %,WSW,6.3 mph,8.0 mph,29.48 in,0.00 in,0.07 in,0.0,64.5 w/m²,011024,2024-10-01
16:39:00,58.4 °F,53.5 °F,84 %,WSW,5.1 mph,6.6 mph,29.48 in,0.00 in,0.07 in,1.0,111.1 w/m²,011024,2024-10-01
16:44:00,58.3 °F,53.6 °F,84 %,West,5.6 mph,6.9 mph,29.48 in,0.00 in,0.07 in,1.0,114.3 w/m²,011024,2024-10-01
16:49:00,58.5 °F,53.6 °F,84 %,WSW,4.5 mph,5.8 mph,29.48 in,0.00 in,0.07 in,0.0,76 w/m²,011024,2024-10-01
16:54:00,58.5 °F,53.3 °F,83 %,WSW,7.5 mph,9.2 mph,29.48 in,0.00 in,0.07 in,0.0,43.5 w/m²,011024,2024-10-01
16:59:00,58.6 °F,53.1 °F,82 %,WSW,6.7 mph,8.1 mph,29.48 in,0.00 in,0.07 in,0.0,70.1 w/m²,011024,2024-10-01
17:04:00,58.6 °F,53.0 °F,81 %,WSW,5.8 mph,7.5 mph,29.48 in,0.00 in,0.07 in,0.0,83.4 w/m²,011024,2024-10-01
17:09:00,58.7 °F,53.1 °F,81 %,WSW,5.9 mph,7.5 mph,29.48 in,0.00 in,0.07 in,0.0,74.6 w/m²,011024,2024-10-01
17:14:00,58.5 °F,53.5 °F,84 %,WSW,3.9 mph,4.8 mph,29.48 in,0.31 in,0.12 in,0.0,32.3 w/m²,011024,2024-10-01
17:19:00,57.7 °F,53.9 °F,87 %,West,2.6 mph,3.3 mph,29.48 in,0.31 in,0.12 in,0.0,57.2 w/m²,011024,2024-10-01
17:24:00,57.3 °F,53.7 °F,88 %,WSW,4.8 mph,5.9 mph,29.48 in,0.31 in,0.12 in,0.0,21.4 w/m²,011024,2024-10-01
17:29:00,56.8 °F,53.3 °F,88 %,WSW,6.7 mph,8.2 mph,29.48 in,0.12 in,0.14 in,0.0,30.5 w/m²,011024,2024-10-01
17:34:00,56.3 °F,53.2 °F,89 %,WSW,5.0 mph,6.3 mph,29.47 in,0.12 in,0.14 in,0.0,36.1 w/m²,011024,2024-10-01
17:39:00,56.3 °F,53.4 °F,90 %,WSW,4.0 mph,5.0 mph,29.47 in,0.12 in,0.14 in,0.0,32.5 w/m²,011024,2024-10-01
17:44:00,56.6 °F,53.7 °F,90 %,WSW,4.0 mph,5.1 mph,29.47 in,0.00 in,0.14 in,0.0,94.6 w/m²,011024,2024-10-01
17:49:00,57.6 °F,54.4 °F,89 %,WSW,5.1 mph,6.4 mph,29.47 in,0.00 in,0.14 in,1.0,108.4 w/m²,011024,2024-10-01
17:54:00,57.6 °F,53.9 °F,88 %,WSW,6.6 mph,8.4 mph,29.47 in,0.00 in,0.14 in,1.0,106.5 w/m²,011024,2024-10-01
17:59:00,57.5 °F,53.7 °F,87 %,WSW,5.4 mph,6.8 mph,29.47 in,0.00 in,0.14 in,0.0,57.4 w/m²,011024,2024-10-01
18:04:00,57.0 °F,53.2 °F,87 %,WSW,5.0 mph,6.3 mph,29.47 in,0.00 in,0.14 in,0.0,53.8 w/m²,011024,2024-10-01
18:09:00,56.9 °F,53.1 °F,87 %,WSW,4.9 mph,6.3 mph,29.47 in,0.00 in,0.14 in,0.0,40.1 w/m²,011024,2024-10-01
18:14:00,56.7 °F,52.9 °F,87 %,WSW,5.6 mph,7.1 mph,29.47 in,0.00 in,0.14 in,0.0,27.2 w/m²,011024,2024-10-01
18:19:00,56.8 °F,52.7 °F,86 %,WSW,5.0 mph,6.2 mph,29.47 in,0.00 in,0.14 in,0.0,22.7 w/m²,011024,2024-10-01
18:24:00,56.7 °F,52.5 °F,86 %,WSW,4.2 mph,5.2 mph,29.47 in,0.00 in,0.14 in,0.0,21.3 w/m²,011024,2024-10-01
18:29:00,56.6 °F,52.4 °F,86 %,WSW,5.0 mph,6.1 mph,29.46 in,0.00 in,0.14 in,0.0,20.2 w/m²,011024,2024-10-01
18:34:00,56.7 °F,52.3 °F,86 %,WSW,4.0 mph,4.9 mph,29.47 in,0.00 in,0.14 in,0.0,14.4 w/m²,011024,2024-10-01
18:39:00,56.7 °F,52.3 °F,85 %,WSW,4.6 mph,5.8 mph,29.47 in,0.00 in,0.14 in,0.0,8 w/m²,011024,2024-10-01
18:44:00,56.7 °F,52.3 °F,85 %,WSW,3.9 mph,4.9 mph,29.47 in,0.00 in,0.14 in,0.0,10.5 w/m²,011024,2024-10-01
18:49:00,56.5 °F,52.3 °F,86 %,WSW,4.1 mph,5.4 mph,29.47 in,0.00 in,0.14 in,0.0,10.8 w/m²,011024,2024-10-01
18:54:00,56.4 °F,52.1 °F,86 %,WSW,3.8 mph,4.7 mph,29.47 in,0.00 in,0.14 in,0.0,10.3 w/m²,011024,2024-10-01
18:59:00,56.3 °F,52.2 °F,86 %,WSW,4.1 mph,5.0 mph,29.47 in,0.00 in,0.14 in,0.0,9.6 w/m²,011024,2024-10-01
19:04:00,56.2 °F,51.9 °F,86 %,WSW,5.8 mph,7.2 mph,29.46 in,0.00 in,0.14 in,0.0,6.8 w/m²,011024,2024-10-01
19:09:00,56.1 °F,51.6 °F,85 %,WSW,6.7 mph,8.4 mph,29.47 in,0.00 in,0.14 in,0.0,5.7 w/m²,011024,2024-10-01
19:14:00,56.1 °F,51.6 °F,85 %,WSW,7.1 mph,8.7 mph,29.47 in,0.00 in,0.14 in,0.0,4.7 w/m²,011024,2024-10-01
19:19:00,56.1 °F,51.7 °F,85 %,West,6.9 mph,8.6 mph,29.47 in,0.00 in,0.14 in,0.0,3.8 w/m²,011024,2024-10-01
19:24:00,55.9 °F,51.8 °F,86 %,WSW,6.0 mph,7.6 mph,29.47 in,0.00 in,0.14 in,0.0,2.8 w/m²,011024,2024-10-01
19:29:00,55.7 °F,51.9 °F,87 %,WSW,5.0 mph,6.5 mph,29.47 in,0.00 in,0.14 in,0.0,2 w/m²,011024,2024-10-01
19:34:00,55.5 °F,51.7 °F,87 %,WSW,4.6 mph,5.6 mph,29.47 in,0.00 in,0.14 in,0.0,1.3 w/m²,011024,2024-10-01
19:39:00,55.2 °F,51.6 °F,88 %,WSW,5.2 mph,6.4 mph,29.47 in,0.00 in,0.14 in,0.0,0.6 w/m²,011024,2024-10-01
19:44:00,55.0 °F,51.3 °F,87 %,WSW,4.4 mph,5.4 mph,29.47 in,0.00 in,0.14 in,0.0,0.3 w/m²,011024,2024-10-01
19:49:00,55.0 °F,51.4 °F,88 %,WSW,4.5 mph,5.6 mph,29.47 in,0.00 in,0.14 in,0.0,0.1 w/m²,011024,2024-10-01
19:54:00,54.9 °F,51.4 °F,88 %,WSW,4.1 mph,5.1 mph,29.47 in,0.00 in,0.14 in,0.0,0 w/m²,011024,2024-10-01
19:59:00,54.9 °F,51.6 °F,89 %,WSW,4.6 mph,5.8 mph,29.47 in,0.00 in,0.14 in,0.0,0 w/m²,011024,2024-10-01
20:04:00,54.7 °F,51.7 °F,90 %,WSW,4.2 mph,5.2 mph,29.47 in,0.05 in,0.15 in,0.0,0 w/m²,011024,2024-10-01
20:09:00,54.5 °F,51.6 °F,90 %,WSW,4.2 mph,5.5 mph,29.46 in,0.05 in,0.15 in,0.0,0 w/m²,011024,2024-10-01
20:14:00,54.4 °F,51.5 °F,90 %,WSW,4.8 mph,5.7 mph,29.46 in,0.05 in,0.15 in,0.0,0 w/m²,011024,2024-10-01
20:19:00,54.3 °F,51.4 °F,90 %,WSW,3.6 mph,4.8 mph,29.46 in,0.00 in,0.15 in,0.0,0 w/m²,011024,2024-10-01
20:24:00,54.1 °F,51.2 °F,90 %,WSW,4.0 mph,5.1 mph,29.46 in,0.00 in,0.15 in,0.0,0 w/m²,011024,2024-10-01
20:29:00,54.0 °F,51.2 °F,91 %,WSW,3.9 mph,5.2 mph,29.46 in,0.00 in,0.15 in,0.0,0 w/m²,011024,2024-10-01
20:34:00,53.8 °F,51.3 °F,91 %,WSW,3.2 mph,4.0 mph,29.46 in,0.07 in,0.16 in,0.0,0 w/m²,011024,2024-10-01
20:39:00,53.7 °F,51.4 °F,92 %,WSW,3.7 mph,4.7 mph,29.46 in,0.07 in,0.16 in,0.0,0 w/m²,011024,2024-10-01
20:44:00,53.6 °F,51.4 °F,92 %,WSW,3.2 mph,4.0 mph,29.46 in,0.07 in,0.16 in,0.0,0 w/m²,011024,2024-10-01
20:49:00,53.6 °F,51.6 °F,93 %,WSW,3.1 mph,4.1 mph,29.46 in,0.00 in,0.16 in,0.0,0 w/m²,011024,2024-10-01
20:54:00,53.5 °F,51.5 °F,93 %,WSW,3.0 mph,3.7 mph,29.46 in,0.00 in,0.16 in,0.0,0 w/m²,011024,2024-10-01
20:59:00,53.4 °F,51.6 °F,94 %,WSW,2.5 mph,3.0 mph,29.46 in,0.05 in,0.17 in,0.0,0 w/m²,011024,2024-10-01
21:04:00,53.4 °F,51.6 °F,94 %,WSW,1.8 mph,2.2 mph,29.46 in,0.05 in,0.17 in,0.0,0 w/m²,011024,2024-10-01
21:09:00,53.3 °F,51.5 °F,94 %,WSW,2.0 mph,2.7 mph,29.45 in,0.05 in,0.17 in,0.0,0 w/m²,011024,2024-10-01
21:14:00,53.2 °F,51.4 °F,94 %,WSW,2.0 mph,2.6 mph,29.45 in,0.07 in,0.18 in,0.0,0 w/m²,011024,2024-10-01
21:19:00,53.2 °F,51.6 °F,95 %,WSW,2.0 mph,2.6 mph,29.45 in,0.07 in,0.18 in,0.0,0 w/m²,011024,2024-10-01
21:24:00,53.1 °F,51.6 °F,95 %,WSW,1.3 mph,2.0 mph,29.45 in,0.07 in,0.18 in,0.0,0 w/m²,011024,2024-10-01
21:29:00,52.9 °F,51.4 °F,95 %,WSW,0.8 mph,1.1 mph,29.45 in,0.00 in,0.18 in,0.0,0 w/m²,011024,2024-10-01
21:34:00,52.8 °F,51.3 °F,95 %,WSW,0.1 mph,0.4 mph,29.45 in,0.00 in,0.18 in,0.0,0 w/m²,011024,2024-10-01
21:39:00,52.5 °F,51.1 °F,95 %,WSW,0.6 mph,1.1 mph,29.45 in,0.00 in,0.18 in,0.0,0 w/m²,011024,2024-10-01
21:44:00,52.5 °F,51.1 °F,95 %,WSW,0.5 mph,0.7 mph,29.45 in,0.00 in,0.18 in,0.0,0 w/m²,011024,2024-10-01
21:49:00,52.3 °F,50.9 °F,95 %,WSW,0.5 mph,0.8 mph,29.45 in,0.00 in,0.18 in,0.0,0 w/m²,011024,2024-10-01
21:54:00,52.2 °F,50.7 °F,95 %,WSW,0.7 mph,1.0 mph,29.44 in,0.00 in,0.18 in,0.0,0 w/m²,011024,2024-10-01
21:59:00,52.0 °F,50.5 °F,95 %,WSW,0.1 mph,0.3 mph,29.45 in,0.00 in,0.18 in,0.0,0 w/m²,011024,2024-10-01
22:04:00,52.0 °F,50.5 °F,95 %,WSW,0.7 mph,1.3 mph,29.45 in,0.00 in,0.18 in,0.0,0 w/m²,011024,2024-10-01
22:09:00,52.2 °F,50.8 °F,95 %,WSW,1.4 mph,1.8 mph,29.45 in,0.00 in,0.18 in,0.0,0 w/m²,011024,2024-10-01
22:14:00,52.2 °F,50.9 °F,95 %,WSW,1.6 mph,2.4 mph,29.45 in,0.00 in,0.18 in,0.0,0 w/m²,011024,2024-10-01
22:19:00,52.4 °F,51.1 °F,95 %,WSW,1.7 mph,2.3 mph,29.45 in,0.00 in,0.18 in,0.0,0 w/m²,011024,2024-10-01
22:24:00,52.3 °F,50.9 °F,95 %,WSW,0.5 mph,0.8 mph,29.45 in,0.00 in,0.18 in,0.0,0 w/m²,011024,2024-10-01
22:29:00,52.2 °F,50.8 °F,95 %,SW,0.3 mph,0.7 mph,29.45 in,0.00 in,0.18 in,0.0,0 w/m²,011024,2024-10-01
22:34:00,52.0 °F,50.8 °F,96 %,SW,0.3 mph,0.7 mph,29.45 in,0.00 in,0.18 in,0.0,0 w/m²,011024,2024-10-01
22:39:00,52.0 °F,50.9 °F,96 %,SSW,0.2 mph,0.6 mph,29.45 in,0.00 in,0.18 in,0.0,0 w/m²,011024,2024-10-01
22:44:00,51.9 °F,50.8 °F,96 %,SSW,0.3 mph,0.6 mph,29.45 in,0.00 in,0.18 in,0.0,0 w/m²,011024,2024-10-01
22:49:00,51.9 °F,50.8 °F,96 %,SSW,1.6 mph,2.1 mph,29.45 in,0.00 in,0.18 in,0.0,0 w/m²,011024,2024-10-01
22:54:00,51.9 °F,50.8 °F,96 %,SSW,1.1 mph,1.8 mph,29.45 in,0.00 in,0.18 in,0.0,0 w/m²,011024,2024-10-01
22:59:00,51.6 °F,50.5 °F,96 %,SSW,1.3 mph,2.1 mph,29.45 in,0.00 in,0.18 in,0.0,0 w/m²,011024,2024-10-01
23:04:00,51.6 °F,50.5 °F,96 %,SW,0.7 mph,1.2 mph,29.45 in,0.00 in,0.18 in,0.0,0 w/m²,011024,2024-10-01
23:09:00,51.4 °F,50.3 °F,96 %,SSW,0.5 mph,0.8 mph,29.45 in,0.00 in,0.18 in,0.0,0 w/m²,011024,2024-10-01
23:14:00,51.4 °F,50.4 °F,96 %,SSW,1.2 mph,1.8 mph,29.45 in,0.00 in,0.18 in,0.0,0 w/m²,011024,2024-10-01
23:19:00,51.4 °F,50.3 °F,96 %,SSW,1.0 mph,1.4 mph,29.45 in,0.00 in,0.18 in,0.0,0 w/m²,011024,2024-10-01
23:24:00,51.3 °F,50.2 °F,96 %,South,1.4 mph,2.0 mph,29.45 in,0.00 in,0.18 in,0.0,0 w/m²,011024,2024-10-01
23:29:00,51.1 °F,50.0 °F,96 %,SSW,1.0 mph,1.5 mph,29.45 in,0.00 in,0.18 in,0.0,0 w/m²,011024,2024-10-01
23:34:00,50.9 °F,49.8 °F,96 %,South,1.6 mph,2.0 mph,29.45 in,0.00 in,0.18 in,0.0,0 w/m²,011024,2024-10-01
23:39:00,51.1 °F,50.0 °F,96 %,South,2.1 mph,2.8 mph,29.45 in,0.00 in,0.18 in,0.0,0 w/m²,011024,2024-10-01
23:44:00,51.3 °F,50.2 °F,96 %,South,1.7 mph,2.4 mph,29.45 in,0.00 in,0.18 in,0.0,0 w/m²,011024,2024-10-01
23:49:00,51.3 °F,50.2 °F,96 %,South,1.6 mph,2.3 mph,29.46 in,0.00 in,0.18 in,0.0,0 w/m²,011024,2024-10-01
23:54:00,51.3 °F,50.4 °F,96 %,South,2.2 mph,3.0 mph,29.45 in,0.00 in,0.18 in,0.0,0 w/m²,011024,2024-10-01
23:59:00,51.3 °F,50.2 °F,96 %,South,2.0 mph,2.8 mph,29.46 in,0.00 in,0.18 in,0.0,0 w/m²,011024,2024-10-01
00:04:00,51.2 °F,50.2 °F,96 %,South,1.4 mph,1.9 mph,29.46 in,0.00 in,0.00 in,0.0,0 w/m²,021024,2024-10-02
00:09:00,51.1 °F,50.3 °F,97 %,South,1.0 mph,1.5 mph,29.46 in,0.00 in,0.00 in,0.0,0 w/m²,021024,2024-10-02
00:14:00,51.0 °F,50.0 °F,96 %,South,1.0 mph,1.7 mph,29.47 in,0.00 in,0.00 in,0.0,0 w/m²,021024,2024-10-02
00:19:00,50.7 °F,50.0 °F,97 %,South,1.1 mph,1.5 mph,29.47 in,0.00 in,0.00 in,0.0,0 w/m²,021024,2024-10-02
00:24:00,50.7 °F,50.0 °F,97 %,South,1.2 mph,1.7 mph,29.47 in,0.00 in,0.00 in,0.0,0 w/m²,021024,2024-10-02
00:29:00,50.7 °F,50.0 °F,97 %,SSW,1.1 mph,1.5 mph,29.47 in,0.00 in,0.00 in,0.0,0 w/m²,021024,2024-10-02
00:34:00,50.5 °F,49.8 °F,97 %,SSW,1.0 mph,1.5 mph,29.46 in,0.00 in,0.00 in,0.0,0 w/m²,021024,2024-10-02
00:39:00,50.4 °F,49.7 °F,97 %,SSW,1.1 mph,1.7 mph,29.47 in,0.00 in,0.00 in,0.0,0 w/m²,021024,2024-10-02
00:44:00,50.1 °F,49.4 °F,97 %,SSW,0.6 mph,1.1 mph,29.47 in,0.00 in,0.00 in,0.0,0 w/m²,021024,2024-10-02
00:49:00,49.8 °F,49.1 °F,97 %,SSW,0.7 mph,1.1 mph,29.47 in,0.00 in,0.00 in,0.0,0 w/m²,021024,2024-10-02
00:54:00,50.1 °F,49.4 °F,97 %,SSW,0.8 mph,1.2 mph,29.47 in,0.00 in,0.00 in,0.0,0 w/m²,021024,2024-10-02
00:59:00,50.2 °F,49.5 °F,97 %,SSW,0.5 mph,0.9 mph,29.47 in,0.00 in,0.00 in,0.0,0 w/m²,021024,2024-10-02
01:04:00,50.2 °F,49.5 °F,97 %,SSW,0.6 mph,0.9 mph,29.47 in,0.00 in,0.00 in,0.0,0 w/m²,021024,2024-10-02
01:09:00,50.0 °F,49.3 °F,97 %,SSW,0.7 mph,1.1 mph,29.47 in,0.00 in,0.00 in,0.0,0 w/m²,021024,2024-10-02
01:14:00,49.7 °F,49.0 °F,97 %,South,0.7 mph,1.1 mph,29.48 in,0.00 in,0.00 in,0.0,0 w/m²,021024,2024-10-02
01:19:00,50.0 °F,49.3 °F,97 %,SSW,0.8 mph,1.0 mph,29.48 in,0.00 in,0.00 in,0.0,0 w/m²,021024,2024-10-02
01:24:00,50.1 °F,49.4 °F,97 %,South,1.4 mph,1.7 mph,29.48 in,0.00 in,0.00 in,0.0,0 w/m²,021024,2024-10-02
01:29:00,50.1 °F,49.4 °F,97 %,SSW,0.7 mph,1.2 mph,29.48 in,0.00 in,0.00 in,0.0,0 w/m²,021024,2024-10-02
01:34:00,49.8 °F,49.1 °F,97 %,SSE,0.7 mph,1.1 mph,29.48 in,0.00 in,0.00 in,0.0,0 w/m²,021024,2024-10-02
01:39:00,49.8 °F,49.1 °F,97 %,SSE,1.1 mph,1.7 mph,29.48 in,0.00 in,0.00 in,0.0,0 w/m²,021024,2024-10-02
01:44:00,50.1 °F,49.4 °F,97 %,South,1.3 mph,1.8 mph,29.48 in,0.00 in,0.00 in,0.0,0 w/m²,021024,2024-10-02
01:49:00,50.1 °F,49.4 °F,97 %,SSW,0.6 mph,1.1 mph,29.49 in,0.00 in,0.00 in,0.0,0 w/m²,021024,2024-10-02
01:54:00,50.1 °F,49.4 °F,97 %,East,0.7 mph,1.2 mph,29.49 in,0.00 in,0.00 in,0.0,0 w/m²,021024,2024-10-02
01:59:00,50.1 °F,49.4 °F,97 %,SE,0.3 mph,0.5 mph,29.49 in,0.00 in,0.00 in,0.0,0 w/m²,021024,2024-10-02
02:04:00,50.4 °F,49.6 °F,97 %,SSE,0.6 mph,1.2 mph,29.50 in,0.00 in,0.00 in,0.0,0 w/m²,021024,2024-10-02
02:09:00,50.5 °F,49.7 °F,97 %,South,0.4 mph,0.8 mph,29.50 in,0.00 in,0.00 in,0.0,0 w/m²,021024,2024-10-02
02:14:00,50.6 °F,49.9 °F,97 %,South,0.1 mph,0.2 mph,29.50 in,0.00 in,0.00 in,0.0,0 w/m²,021024,2024-10-02
02:19:00,50.8 °F,50.1 °F,97 %,SE,1.0 mph,1.3 mph,29.50 in,0.00 in,0.00 in,0.0,0 w/m²,021024,2024-10-02
02:24:00,51.1 °F,50.4 °F,97 %,SSE,0.7 mph,1.2 mph,29.50 in,0.00 in,0.00 in,0.0,0 w/m²,021024,2024-10-02
02:29:00,51.3 °F,50.5 °F,97 %,SE,1.0 mph,1.5 mph,29.51 in,0.00 in,0.00 in,0.0,0 w/m²,021024,2024-10-02
02:34:00,51.3 °F,50.5 °F,97 %,SSE,0.8 mph,1.4 mph,29.51 in,0.00 in,0.00 in,0.0,0 w/m²,021024,2024-10-02
02:39:00,51.4 °F,50.6 °F,97 %,SSE,0.9 mph,1.3 mph,29.51 in,0.00 in,0.00 in,0.0,0 w/m²,021024,2024-10-02
02:44:00,51.4 °F,50.7 °F,97 %,SE,0.3 mph,0.6 mph,29.51 in,0.00 in,0.00 in,0.0,0 w/m²,021024,2024-10-02
02:49:00,51.4 °F,50.7 °F,97 %,South,0.5 mph,0.9 mph,29.51 in,0.00 in,0.00 in,0.0,0 w/m²,021024,2024-10-02
02:54:00,51.4 °F,50.7 °F,97 %,SSE,1.1 mph,1.6 mph,29.51 in,0.00 in,0.00 in,0.0,0 w/m²,021024,2024-10-02
02:59:00,51.4 °F,50.7 °F,97 %,South,0.8 mph,1.2 mph,29.51 in,0.00 in,0.00 in,0.0,0 w/m²,021024,2024-10-02
03:04:00,51.4 °F,50.7 °F,97 %,South,0.7 mph,1.0 mph,29.52 in,0.00 in,0.00 in,0.0,0 w/m²,021024,2024-10-02
03:09:00,51.4 °F,50.7 °F,97 %,South,0.7 mph,1.2 mph,29.52 in,0.00 in,0.00 in,0.0,0 w/m²,021024,2024-10-02
03:14:00,51.4 °F,50.7 °F,97 %,SSE,1.1 mph,1.5 mph,29.51 in,0.00 in,0.00 in,0.0,0 w/m²,021024,2024-10-02
03:19:00,51.4 °F,50.7 °F,97 %,South,0.8 mph,1.0 mph,29.51 in,0.00 in,0.00 in,0.0,0 w/m²,021024,2024-10-02
03:24:00,51.4 °F,50.7 °F,97 %,South,1.2 mph,1.8 mph,29.51 in,0.00 in,0.00 in,0.0,0 w/m²,021024,2024-10-02
03:29:00,51.3 °F,50.6 °F,97 %,South,1.5 mph,2.2 mph,29.51 in,0.00 in,0.00 in,0.0,0 w/m²,021024,2024-10-02
03:34:00,51.1 °F,50.4 °F,97 %,South,1.5 mph,2.0 mph,29.51 in,0.00 in,0.00 in,0.0,0 w/m²,021024,2024-10-02
03:39:00,50.7 °F,50.0 °F,97 %,SSW,0.4 mph,0.8 mph,29.51 in,0.00 in,0.00 in,0.0,0 w/m²,021024,2024-10-02
03:44:00,50.4 °F,49.6 °F,97 %,SSW,0.1 mph,0.3 mph,29.51 in,0.00 in,0.00 in,0.0,0 w/m²,021024,2024-10-02
03:49:00,50.0 °F,49.3 °F,97 %,SSW,0.0 mph,0.0 mph,29.52 in,0.00 in,0.00 in,0.0,0 w/m²,021024,2024-10-02
03:54:00,49.7 °F,49.0 °F,97 %,WSW,0.5 mph,1.0 mph,29.51 in,0.00 in,0.00 in,0.0,0 w/m²,021024,2024-10-02
03:59:00,48.9 °F,48.2 °F,97 %,West,0.8 mph,1.1 mph,29.52 in,0.00 in,0.00 in,0.0,0 w/m²,021024,2024-10-02
04:04:00,47.9 °F,47.2 °F,97 %,West,0.3 mph,0.8 mph,29.52 in,0.00 in,0.00 in,0.0,0 w/m²,021024,2024-10-02
04:09:00,47.8 °F,47.1 °F,97 %,West,0.0 mph,0.0 mph,29.52 in,0.00 in,0.00 in,0.0,0 w/m²,021024,2024-10-02
04:14:00,47.9 °F,47.3 °F,97 %,SW,0.0 mph,0.0 mph,29.52 in,0.00 in,0.00 in,0.0,0 w/m²,021024,2024-10-02
04:19:00,49.0 °F,48.3 °F,97 %,SW,0.0 mph,0.0 mph,29.52 in,0.00 in,0.00 in,0.0,0 w/m²,021024,2024-10-02
04:24:00,48.4 °F,47.6 °F,97 %,SW,0.0 mph,0.0 mph,29.53 in,0.00 in,0.00 in,0.0,0 w/m²,021024,2024-10-02
04:29:00,48.2 °F,47.5 °F,97 %,WSW,0.2 mph,0.4 mph,29.53 in,0.00 in,0.00 in,0.0,0 w/m²,021024,2024-10-02
04:34:00,48.2 °F,47.5 °F,97 %,WNW,2.1 mph,2.1 mph,29.53 in,0.00 in,0.00 in,0.0,0 w/m²,021024,2024-10-02
04:39:00,48.4 °F,47.7 °F,97 %,West,1.1 mph,1.3 mph,29.53 in,0.00 in,0.00 in,0.0,0 w/m²,021024,2024-10-02
04:44:00,47.8 °F,47.1 °F,97 %,West,0.2 mph,0.5 mph,29.53 in,0.00 in,0.00 in,0.0,0 w/m²,021024,2024-10-02
04:49:00,47.5 °F,46.8 °F,97 %,West,0.6 mph,1.1 mph,29.53 in,0.00 in,0.00 in,0.0,0 w/m²,021024,2024-10-02
04:54:00,47.7 °F,46.9 °F,97 %,West,0.5 mph,0.9 mph,29.54 in,0.00 in,0.00 in,0.0,0 w/m²,021024,2024-10-02
04:59:00,46.9 °F,46.2 °F,97 %,West,0.0 mph,0.1 mph,29.54 in,0.00 in,0.00 in,0.0,0 w/m²,021024,2024-10-02
05:04:00,46.9 °F,46.1 °F,97 %,West,0.2 mph,0.3 mph,29.54 in,0.05 in,0.01 in,0.0,0 w/m²,021024,2024-10-02
05:09:00,46.9 °F,46.2 °F,97 %,West,0.1 mph,0.1 mph,29.54 in,0.05 in,0.01 in,0.0,0 w/m²,021024,2024-10-02
05:14:00,46.7 °F,45.9 °F,97 %,West,0.0 mph,0.0 mph,29.54 in,0.05 in,0.01 in,0.0,0 w/m²,021024,2024-10-02
05:19:00,46.7 °F,45.9 °F,97 %,West,0.0 mph,0.0 mph,29.54 in,0.00 in,0.01 in,0.0,0 w/m²,021024,2024-10-02
05:24:00,46.8 °F,46.0 °F,97 %,South,0.3 mph,0.5 mph,29.54 in,0.00 in,0.01 in,0.0,0 w/m²,021024,2024-10-02
05:29:00,47.0 °F,46.3 °F,97 %,ESE,1.1 mph,1.6 mph,29.55 in,0.00 in,0.01 in,0.0,0 w/m²,021024,2024-10-02
05:34:00,47.1 °F,46.4 °F,97 %,ENE,1.0 mph,1.3 mph,29.54 in,0.00 in,0.01 in,0.0,0 w/m²,021024,2024-10-02
05:39:00,47.1 °F,46.4 °F,97 %,East,0.2 mph,0.6 mph,29.55 in,0.00 in,0.01 in,0.0,0 w/m²,021024,2024-10-02
05:44:00,47.1 °F,46.4 °F,97 %,SSW,0.0 mph,0.2 mph,29.55 in,0.00 in,0.01 in,0.0,0 w/m²,021024,2024-10-02
05:49:00,46.9 °F,46.2 °F,97 %,SW,0.0 mph,0.0 mph,29.55 in,0.00 in,0.01 in,0.0,0 w/m²,021024,2024-10-02
05:54:00,46.6 °F,45.9 °F,97 %,SW,0.0 mph,0.0 mph,29.55 in,0.00 in,0.01 in,0.0,0 w/m²,021024,2024-10-02
05:59:00,46.0 °F,45.3 °F,97 %,WSW,0.3 mph,0.5 mph,29.55 in,0.00 in,0.01 in,0.0,0 w/m²,021024,2024-10-02
06:04:00,45.5 °F,44.8 °F,97 %,WNW,1.6 mph,2.1 mph,29.55 in,0.00 in,0.01 in,0.0,0 w/m²,021024,2024-10-02
06:09:00,45.5 °F,44.9 °F,98 %,WNW,1.1 mph,1.6 mph,29.56 in,0.00 in,0.01 in,0.0,0 w/m²,021024,2024-10-02
06:14:00,45.6 °F,45.0 °F,98 %,WNW,0.6 mph,1.1 mph,29.55 in,0.00 in,0.01 in,0.0,0 w/m²,021024,2024-10-02
06:19:00,45.4 °F,44.9 °F,98 %,West,0.5 mph,1.0 mph,29.55 in,0.00 in,0.01 in,0.0,0 w/m²,021024,2024-10-02
06:24:00,45.2 °F,44.7 °F,98 %,West,0.0 mph,0.0 mph,29.55 in,0.00 in,0.01 in,0.0,0 w/m²,021024,2024-10-02
06:29:00,45.1 °F,44.6 °F,98 %,West,0.0 mph,0.0 mph,29.55 in,0.00 in,0.01 in,0.0,0 w/m²,021024,2024-10-02
06:34:00,45.1 °F,44.6 °F,98 %,WNW,0.2 mph,0.3 mph,29.55 in,0.00 in,0.01 in,0.0,0 w/m²,021024,2024-10-02
06:39:00,45.0 °F,44.4 °F,98 %,WNW,1.8 mph,2.2 mph,29.55 in,0.00 in,0.01 in,0.0,0 w/m²,021024,2024-10-02
06:44:00,44.5 °F,44.0 °F,98 %,West,0.3 mph,0.5 mph,29.55 in,0.00 in,0.01 in,0.0,0 w/m²,021024,2024-10-02
06:49:00,44.4 °F,43.9 °F,98 %,South,0.0 mph,0.2 mph,29.55 in,0.00 in,0.01 in,0.0,0 w/m²,021024,2024-10-02
06:54:00,44.7 °F,44.1 °F,98 %,SSW,0.0 mph,0.1 mph,29.55 in,0.00 in,0.01 in,0.0,0 w/m²,021024,2024-10-02
06:59:00,44.8 °F,44.2 °F,98 %,SW,0.0 mph,0.0 mph,29.56 in,0.00 in,0.01 in,0.0,0 w/m²,021024,2024-10-02
07:04:00,45.0 °F,44.4 °F,98 %,SW,0.0 mph,0.0 mph,29.56 in,0.00 in,0.01 in,0.0,0 w/m²,021024,2024-10-02
07:09:00,44.6 °F,44.1 °F,98 %,SW,0.0 mph,0.0 mph,29.56 in,0.00 in,0.01 in,0.0,0 w/m²,021024,2024-10-02
07:14:00,44.0 °F,43.4 °F,98 %,SW,0.0 mph,0.0 mph,29.56 in,0.00 in,0.01 in,0.0,0 w/m²,021024,2024-10-02
07:19:00,43.9 °F,43.3 °F,98 %,SW,0.0 mph,0.0 mph,29.56 in,0.00 in,0.01 in,0.0,0 w/m²,021024,2024-10-02
07:24:00,43.3 °F,42.8 °F,98 %,SW,0.0 mph,0.1 mph,29.57 in,0.00 in,0.01 in,0.0,0.1 w/m²,021024,2024-10-02
07:29:00,43.8 °F,43.3 °F,98 %,SW,0.1 mph,0.4 mph,29.57 in,0.00 in,0.01 in,0.0,0.2 w/m²,021024,2024-10-02
07:34:00,43.9 °F,43.3 °F,98 %,SW,0.3 mph,1.1 mph,29.58 in,0.00 in,0.01 in,0.0,0.4 w/m²,021024,2024-10-02
07:39:00,44.3 °F,43.8 °F,98 %,SW,0.1 mph,0.2 mph,29.57 in,0.00 in,0.01 in,0.0,0.8 w/m²,021024,2024-10-02
07:44:00,44.3 °F,43.8 °F,98 %,SW,0.0 mph,0.0 mph,29.58 in,0.00 in,0.01 in,0.0,1.6 w/m²,021024,2024-10-02
07:49:00,44.3 °F,43.8 °F,98 %,SW,0.0 mph,0.0 mph,29.58 in,0.00 in,0.01 in,0.0,2.7 w/m²,021024,2024-10-02
07:54:00,44.5 °F,44.0 °F,98 %,SW,0.0 mph,0.0 mph,29.59 in,0.00 in,0.01 in,0.0,4.4 w/m²,021024,2024-10-02
07:59:00,44.2 °F,43.7 °F,98 %,WNW,1.5 mph,1.8 mph,29.58 in,0.00 in,0.01 in,0.0,6.4 w/m²,021024,2024-10-02
08:04:00,43.8 °F,43.2 °F,98 %,West,0.3 mph,0.3 mph,29.59 in,0.00 in,0.01 in,0.0,8.6 w/m²,021024,2024-10-02
08:09:00,43.2 °F,42.6 °F,98 %,West,0.0 mph,0.0 mph,29.59 in,0.00 in,0.01 in,0.0,11.6 w/m²,021024,2024-10-02
08:14:00,43.4 °F,42.9 °F,98 %,West,0.0 mph,0.0 mph,29.58 in,0.00 in,0.01 in,0.0,15.9 w/m²,021024,2024-10-02
08:19:00,43.9 °F,43.3 °F,98 %,West,0.7 mph,0.9 mph,29.59 in,0.00 in,0.01 in,0.0,19.2 w/m²,021024,2024-10-02
08:24:00,44.2 °F,43.7 °F,98 %,WSW,0.0 mph,0.0 mph,29.59 in,0.00 in,0.01 in,0.0,22.6 w/m²,021024,2024-10-02
08:29:00,44.5 °F,44.0 °F,98 %,WSW,0.0 mph,0.0 mph,29.60 in,0.00 in,0.01 in,0.0,24.3 w/m²,021024,2024-10-02
08:34:00,44.8 °F,44.2 °F,98 %,WSW,0.0 mph,0.0 mph,29.60 in,0.00 in,0.01 in,0.0,27.4 w/m²,021024,2024-10-02
08:39:00,45.8 °F,45.2 °F,98 %,WSW,0.0 mph,0.0 mph,29.60 in,0.00 in,0.01 in,0.0,32.8 w/m²,021024,2024-10-02
08:44:00,46.3 °F,45.8 °F,98 %,WSW,0.0 mph,0.0 mph,29.60 in,0.00 in,0.01 in,0.0,37.2 w/m²,021024,2024-10-02
08:49:00,47.2 °F,46.7 °F,98 %,WSW,0.0 mph,0.0 mph,29.60 in,0.00 in,0.01 in,0.0,37.2 w/m²,021024,2024-10-02
08:54:00,48.2 °F,47.7 °F,98 %,WSW,0.0 mph,0.1 mph,29.60 in,0.00 in,0.01 in,0.0,37.5 w/m²,021024,2024-10-02
08:59:00,48.2 °F,47.7 °F,98 %,WSW,0.0 mph,0.2 mph,29.61 in,0.00 in,0.01 in,0.0,34 w/m²,021024,2024-10-02
09:04:00,49.5 °F,49.0 °F,98 %,WSW,0.0 mph,0.0 mph,29.60 in,0.00 in,0.01 in,0.0,30.8 w/m²,021024,2024-10-02
09:09:00,50.4 °F,49.8 °F,98 %,WSW,0.1 mph,0.1 mph,29.61 in,0.00 in,0.01 in,0.0,31.8 w/m²,021024,2024-10-02
09:14:00,50.6 °F,50.0 °F,98 %,WSW,0.1 mph,0.2 mph,29.61 in,0.00 in,0.01 in,0.0,34.6 w/m²,021024,2024-10-02
09:19:00,51.0 °F,50.4 °F,98 %,WSW,0.5 mph,0.6 mph,29.61 in,0.00 in,0.01 in,0.0,38.1 w/m²,021024,2024-10-02
09:24:00,49.6 °F,49.1 °F,98 %,WSW,0.0 mph,0.0 mph,29.61 in,0.00 in,0.01 in,0.0,44.8 w/m²,021024,2024-10-02
09:29:00,50.4 °F,49.8 °F,98 %,WSW,0.0 mph,0.0 mph,29.61 in,0.00 in,0.01 in,0.0,51.6 w/m²,021024,2024-10-02
09:34:00,51.4 °F,50.8 °F,98 %,WSW,0.0 mph,0.1 mph,29.62 in,0.00 in,0.01 in,0.0,58.2 w/m²,021024,2024-10-02
09:39:00,52.2 °F,51.6 °F,98 %,WSW,0.0 mph,0.1 mph,29.62 in,0.00 in,0.01 in,0.0,65.3 w/m²,021024,2024-10-02
09:44:00,53.0 °F,52.3 °F,97 %,WSW,0.0 mph,0.1 mph,29.62 in,0.00 in,0.01 in,0.0,83.1 w/m²,021024,2024-10-02
09:49:00,53.8 °F,53.1 °F,97 %,WSW,0.2 mph,0.3 mph,29.62 in,0.00 in,0.01 in,0.0,86 w/m²,021024,2024-10-02
09:54:00,53.1 °F,52.0 °F,96 %,WSW,0.4 mph,0.7 mph,29.62 in,0.00 in,0.01 in,1.0,109.5 w/m²,021024,2024-10-02
09:59:00,53.5 °F,52.5 °F,96 %,SSW,0.3 mph,0.5 mph,29.62 in,0.00 in,0.01 in,1.0,139.6 w/m²,021024,2024-10-02
10:04:00,54.1 °F,53.0 °F,96 %,South,0.4 mph,0.7 mph,29.62 in,0.00 in,0.01 in,1.0,144.4 w/m²,021024,2024-10-02
10:09:00,54.7 °F,53.4 °F,95 %,South,0.4 mph,0.9 mph,29.62 in,0.00 in,0.01 in,1.0,142.7 w/m²,021024,2024-10-02
10:14:00,55.1 °F,53.4 °F,94 %,South,0.8 mph,1.2 mph,29.63 in,0.00 in,0.01 in,1.0,156.9 w/m²,021024,2024-10-02
10:19:00,56.1 °F,53.9 °F,92 %,South,1.0 mph,1.5 mph,29.62 in,0.00 in,0.01 in,1.0,156.9 w/m²,021024,2024-10-02
10:24:00,56.4 °F,53.6 °F,90 %,East,1.4 mph,2.0 mph,29.62 in,0.00 in,0.01 in,1.0,139.3 w/m²,021024,2024-10-02
10:29:00,56.2 °F,52.9 °F,89 %,ESE,2.4 mph,3.2 mph,29.63 in,0.00 in,0.01 in,1.0,108.2 w/m²,021024,2024-10-02
10:34:00,56.8 °F,53.2 °F,88 %,SSE,0.9 mph,1.3 mph,29.63 in,0.00 in,0.01 in,1.0,102.8 w/m²,021024,2024-10-02
10:39:00,57.1 °F,53.4 °F,87 %,NE,1.6 mph,2.2 mph,29.63 in,0.00 in,0.01 in,1.0,110.6 w/m²,021024,2024-10-02
10:44:00,57.2 °F,53.2 °F,86 %,East,1.4 mph,1.8 mph,29.63 in,0.00 in,0.01 in,1.0,115.2 w/m²,021024,2024-10-02
10:49:00,57.5 °F,52.8 °F,84 %,SE,1.4 mph,1.8 mph,29.63 in,0.00 in,0.01 in,1.0,131.1 w/m²,021024,2024-10-02
10:54:00,58.0 °F,52.6 °F,82 %,SE,1.1 mph,1.4 mph,29.63 in,0.00 in,0.01 in,1.0,144.1 w/m²,021024,2024-10-02
10:59:00,58.7 °F,53.1 °F,82 %,SE,1.3 mph,1.9 mph,29.63 in,0.00 in,0.01 in,1.0,186.4 w/m²,021024,2024-10-02
11:04:00,58.8 °F,53.3 °F,82 %,ESE,1.7 mph,2.4 mph,29.63 in,0.00 in,0.01 in,2.0,224.1 w/m²,021024,2024-10-02
11:09:00,59.0 °F,53.2 °F,81 %,ESE,2.3 mph,3.0 mph,29.63 in,0.00 in,0.01 in,2.0,273.4 w/m²,021024,2024-10-02
11:14:00,59.1 °F,53.0 °F,80 %,ESE,2.2 mph,3.1 mph,29.64 in,0.00 in,0.01 in,2.0,231.5 w/m²,021024,2024-10-02
11:19:00,59.2 °F,52.9 °F,79 %,East,2.1 mph,2.8 mph,29.64 in,0.00 in,0.01 in,1.0,187.6 w/m²,021024,2024-10-02
11:24:00,59.3 °F,53.2 °F,80 %,ESE,1.5 mph,2.0 mph,29.64 in,0.00 in,0.01 in,1.0,163.6 w/m²,021024,2024-10-02
11:29:00,59.3 °F,52.7 °F,79 %,East,2.2 mph,3.1 mph,29.64 in,0.00 in,0.01 in,1.0,176.3 w/m²,021024,2024-10-02
11:34:00,60.0 °F,53.1 °F,78 %,ESE,2.0 mph,2.9 mph,29.64 in,0.00 in,0.01 in,1.0,190.5 w/m²,021024,2024-10-02
11:39:00,59.5 °F,52.5 °F,78 %,ESE,3.2 mph,4.2 mph,29.64 in,0.00 in,0.01 in,2.0,231.8 w/m²,021024,2024-10-02
11:44:00,59.4 °F,52.3 °F,77 %,ESE,2.4 mph,3.0 mph,29.64 in,0.00 in,0.01 in,2.0,300.1 w/m²,021024,2024-10-02
11:49:00,59.9 °F,52.6 °F,77 %,ESE,2.1 mph,2.9 mph,29.64 in,0.00 in,0.01 in,3.0,344.7 w/m²,021024,2024-10-02
11:54:00,60.2 °F,52.9 °F,77 %,East,2.5 mph,3.4 mph,29.64 in,0.00 in,0.01 in,3.0,361.2 w/m²,021024,2024-10-02
11:59:00,60.2 °F,52.8 °F,77 %,East,1.9 mph,2.7 mph,29.64 in,0.00 in,0.01 in,3.0,379.8 w/m²,021024,2024-10-02
12:04:00,60.3 °F,53.0 °F,77 %,East,2.6 mph,3.7 mph,29.64 in,0.00 in,0.01 in,3.0,403.9 w/m²,021024,2024-10-02
12:09:00,60.2 °F,52.6 °F,76 %,East,2.0 mph,2.7 mph,29.64 in,0.00 in,0.01 in,4.0,421.4 w/m²,021024,2024-10-02
12:14:00,60.6 °F,52.7 °F,75 %,ESE,3.0 mph,4.2 mph,29.64 in,0.00 in,0.01 in,4.0,460.8 w/m²,021024,2024-10-02
12:19:00,60.8 °F,53.0 °F,75 %,ESE,2.7 mph,3.6 mph,29.64 in,0.00 in,0.01 in,4.0,478.1 w/m²,021024,2024-10-02
12:24:00,61.3 °F,52.7 °F,73 %,East,2.5 mph,3.3 mph,29.64 in,0.00 in,0.01 in,4.0,488.7 w/m²,021024,2024-10-02
12:29:00,61.2 °F,52.9 °F,74 %,ENE,3.6 mph,4.7 mph,29.64 in,0.00 in,0.01 in,2.0,289.3 w/m²,021024,2024-10-02
12:34:00,60.6 °F,52.2 °F,74 %,ENE,2.5 mph,3.7 mph,29.65 in,0.00 in,0.01 in,5.0,548.2 w/m²,021024,2024-10-02
12:39:00,61.2 °F,52.5 °F,73 %,ENE,3.8 mph,5.1 mph,29.65 in,0.00 in,0.01 in,4.0,420.3 w/m²,021024,2024-10-02
12:44:00,60.8 °F,52.5 °F,74 %,ESE,1.6 mph,2.3 mph,29.65 in,0.00 in,0.01 in,3.0,314.7 w/m²,021024,2024-10-02
12:49:00,60.8 °F,52.0 °F,73 %,East,3.7 mph,5.0 mph,29.65 in,0.00 in,0.01 in,3.0,345.9 w/m²,021024,2024-10-02
12:54:00,60.7 °F,52.4 °F,74 %,East,3.8 mph,5.2 mph,29.65 in,0.00 in,0.01 in,3.0,341.2 w/m²,021024,2024-10-02
12:59:00,60.4 °F,52.1 °F,74 %,East,3.7 mph,4.7 mph,29.65 in,0.00 in,0.01 in,2.0,209.9 w/m²,021024,2024-10-02
13:04:00,60.3 °F,52.6 °F,75 %,ENE,2.5 mph,3.3 mph,29.65 in,0.00 in,0.01 in,2.0,265.8 w/m²,021024,2024-10-02
13:09:00,60.6 °F,52.6 °F,75 %,ENE,3.8 mph,4.9 mph,29.65 in,0.00 in,0.01 in,4.0,469.6 w/m²,021024,2024-10-02
13:14:00,60.7 °F,52.2 °F,74 %,ENE,4.5 mph,6.1 mph,29.66 in,0.00 in,0.01 in,2.0,302.3 w/m²,021024,2024-10-02
13:19:00,60.6 °F,52.2 °F,74 %,NE,3.3 mph,4.4 mph,29.66 in,0.00 in,0.01 in,5.0,613.3 w/m²,021024,2024-10-02
13:24:00,61.3 °F,52.9 °F,74 %,NE,4.4 mph,5.8 mph,29.65 in,0.00 in,0.01 in,5.0,513.5 w/m²,021024,2024-10-02
13:29:00,61.4 °F,53.3 °F,74 %,NE,4.0 mph,5.3 mph,29.65 in,0.00 in,0.01 in,4.0,416.5 w/m²,021024,2024-10-02
13:34:00,61.3 °F,53.1 °F,74 %,NE,3.6 mph,4.7 mph,29.65 in,0.00 in,0.01 in,2.0,307 w/m²,021024,2024-10-02
13:39:00,60.9 °F,53.2 °F,76 %,NNE,3.8 mph,4.9 mph,29.66 in,0.00 in,0.01 in,1.0,191.9 w/m²,021024,2024-10-02
13:44:00,60.5 °F,53.4 °F,77 %,NNE,4.8 mph,6.2 mph,29.65 in,0.00 in,0.01 in,1.0,178.8 w/m²,021024,2024-10-02
13:49:00,60.1 °F,53.3 °F,78 %,North,5.7 mph,6.8 mph,29.66 in,0.00 in,0.01 in,2.0,207.8 w/m²,021024,2024-10-02
13:54:00,59.9 °F,53.3 °F,79 %,North,5.2 mph,6.5 mph,29.66 in,0.00 in,0.01 in,1.0,205.2 w/m²,021024,2024-10-02
13:59:00,59.9 °F,53.5 °F,79 %,North,5.0 mph,6.6 mph,29.66 in,0.00 in,0.01 in,1.0,191.2 w/m²,021024,2024-10-02
14:04:00,59.8 °F,53.5 °F,79 %,North,4.4 mph,5.9 mph,29.66 in,0.00 in,0.01 in,1.0,183.7 w/m²,021024,2024-10-02
14:09:00,59.5 °F,53.2 °F,79 %,NNE,4.7 mph,6.1 mph,29.66 in,0.00 in,0.01 in,1.0,163.4 w/m²,021024,2024-10-02
14:14:00,59.5 °F,53.5 °F,81 %,North,5.7 mph,7.1 mph,29.67 in,0.00 in,0.01 in,1.0,151.5 w/m²,021024,2024-10-02
14:19:00,59.2 °F,53.5 °F,82 %,North,5.8 mph,7.0 mph,29.67 in,0.00 in,0.01 in,1.0,141 w/m²,021024,2024-10-02
14:24:00,59.0 °F,54.0 °F,83 %,North,5.8 mph,7.4 mph,29.66 in,0.00 in,0.01 in,1.0,124.4 w/m²,021024,2024-10-02
14:29:00,58.7 °F,54.2 °F,85 %,NNE,4.7 mph,5.9 mph,29.67 in,0.00 in,0.01 in,1.0,131.4 w/m²,021024,2024-10-02
14:34:00,58.7 °F,54.2 °F,85 %,NNE,4.1 mph,5.4 mph,29.67 in,0.00 in,0.01 in,1.0,161.3 w/m²,021024,2024-10-02
14:39:00,58.9 °F,54.4 °F,85 %,NE,4.3 mph,5.7 mph,29.67 in,0.00 in,0.01 in,1.0,170.9 w/m²,021024,2024-10-02
14:44:00,59.0 °F,54.4 °F,85 %,NE,4.8 mph,6.5 mph,29.66 in,0.00 in,0.01 in,2.0,207.6 w/m²,021024,2024-10-02
14:49:00,59.1 °F,54.5 °F,85 %,NNE,5.1 mph,6.6 mph,29.67 in,0.00 in,0.01 in,2.0,293.8 w/m²,021024,2024-10-02
14:54:00,58.9 °F,54.3 °F,85 %,NNE,5.4 mph,7.3 mph,29.67 in,0.00 in,0.01 in,1.0,169.6 w/m²,021024,2024-10-02
14:59:00,58.7 °F,54.1 °F,85 %,NNE,5.5 mph,7.2 mph,29.67 in,0.00 in,0.01 in,3.0,322.2 w/m²,021024,2024-10-02
15:04:00,58.8 °F,54.1 °F,84 %,NNE,5.7 mph,7.2 mph,29.67 in,0.00 in,0.01 in,2.0,285.4 w/m²,021024,2024-10-02
15:09:00,59.1 °F,54.2 °F,84 %,NNE,4.6 mph,6.0 mph,29.67 in,0.00 in,0.01 in,3.0,313.9 w/m²,021024,2024-10-02
15:14:00,59.3 °F,54.4 °F,84 %,North,5.1 mph,6.3 mph,29.68 in,0.00 in,0.01 in,2.0,261.3 w/m²,021024,2024-10-02
15:19:00,59.3 °F,54.3 °F,84 %,North,5.5 mph,6.9 mph,29.67 in,0.00 in,0.01 in,1.0,196.6 w/m²,021024,2024-10-02
15:24:00,59.2 °F,54.3 °F,84 %,NNE,5.9 mph,7.9 mph,29.67 in,0.00 in,0.01 in,2.0,242 w/m²,021024,2024-10-02
15:29:00,59.6 °F,54.6 °F,84 %,NNE,5.5 mph,7.4 mph,29.67 in,0.00 in,0.01 in,2.0,286.8 w/m²,021024,2024-10-02
15:34:00,59.3 °F,54.1 °F,83 %,NNE,5.4 mph,7.4 mph,29.68 in,0.00 in,0.01 in,2.0,222.2 w/m²,021024,2024-10-02
15:39:00,58.8 °F,53.7 °F,83 %,NNE,5.9 mph,8.3 mph,29.67 in,0.00 in,0.01 in,1.0,187.8 w/m²,021024,2024-10-02
15:44:00,58.4 °F,53.3 °F,83 %,NE,5.1 mph,7.3 mph,29.67 in,0.00 in,0.01 in,1.0,174.9 w/m²,021024,2024-10-02
15:49:00,58.2 °F,53.1 °F,83 %,NNE,5.3 mph,7.1 mph,29.68 in,0.00 in,0.01 in,2.0,240.7 w/m²,021024,2024-10-02
15:54:00,58.3 °F,53.1 °F,83 %,NNE,4.8 mph,6.3 mph,29.68 in,0.00 in,0.01 in,2.0,292.4 w/m²,021024,2024-10-02
15:59:00,58.9 °F,53.7 °F,83 %,North,7.3 mph,9.2 mph,29.68 in,0.00 in,0.01 in,3.0,311.2 w/m²,021024,2024-10-02
16:04:00,59.4 °F,54.0 °F,83 %,NE,5.4 mph,6.8 mph,29.68 in,0.00 in,0.01 in,2.0,244.8 w/m²,021024,2024-10-02
16:09:00,59.3 °F,53.8 °F,82 %,NNE,4.7 mph,6.4 mph,29.68 in,0.00 in,0.01 in,2.0,250 w/m²,021024,2024-10-02
16:14:00,59.6 °F,53.6 °F,80 %,NNE,5.0 mph,6.7 mph,29.68 in,0.00 in,0.01 in,2.0,290.5 w/m²,021024,2024-10-02
16:19:00,59.8 °F,53.9 °F,81 %,NNE,5.7 mph,7.8 mph,29.68 in,0.00 in,0.01 in,1.0,191.1 w/m²,021024,2024-10-02
16:24:00,58.2 °F,52.8 °F,82 %,NE,4.8 mph,6.4 mph,29.69 in,0.00 in,0.01 in,2.0,246.8 w/m²,021024,2024-10-02
16:29:00,58.8 °F,53.0 °F,81 %,NNE,4.8 mph,6.1 mph,29.68 in,0.00 in,0.01 in,2.0,270.7 w/m²,021024,2024-10-02
16:34:00,58.5 °F,52.6 °F,81 %,NNE,6.5 mph,8.5 mph,29.69 in,0.00 in,0.01 in,1.0,167.5 w/m²,021024,2024-10-02
16:39:00,57.8 °F,52.4 °F,82 %,NE,4.8 mph,6.6 mph,29.68 in,0.00 in,0.01 in,1.0,197.1 w/m²,021024,2024-10-02
16:44:00,57.8 °F,52.1 °F,81 %,ENE,4.1 mph,5.8 mph,29.69 in,0.00 in,0.01 in,1.0,196.1 w/m²,021024,2024-10-02
16:49:00,58.1 °F,51.8 °F,80 %,ENE,5.0 mph,6.8 mph,29.69 in,0.00 in,0.01 in,1.0,179.7 w/m²,021024,2024-10-02
16:54:00,57.8 °F,52.0 °F,81 %,NE,2.7 mph,4.0 mph,29.69 in,0.00 in,0.01 in,2.0,219.9 w/m²,021024,2024-10-02
16:59:00,58.7 °F,52.8 °F,81 %,ENE,2.7 mph,3.9 mph,29.69 in,0.00 in,0.01 in,1.0,161.7 w/m²,021024,2024-10-02
17:04:00,58.1 °F,51.9 °F,80 %,NE,3.5 mph,4.8 mph,29.68 in,0.00 in,0.01 in,0.0,96.7 w/m²,021024,2024-10-02
17:09:00,57.8 °F,51.8 °F,80 %,NE,2.8 mph,3.7 mph,29.69 in,0.00 in,0.01 in,1.0,165.4 w/m²,021024,2024-10-02
17:14:00,58.3 °F,51.9 °F,79 %,ENE,4.5 mph,6.3 mph,29.69 in,0.00 in,0.01 in,1.0,149.2 w/m²,021024,2024-10-02
17:19:00,58.5 °F,51.8 °F,79 %,NE,3.3 mph,4.6 mph,29.69 in,0.00 in,0.01 in,0.0,83.4 w/m²,021024,2024-10-02
17:24:00,58.0 °F,51.9 °F,80 %,NE,5.1 mph,7.1 mph,29.69 in,0.00 in,0.01 in,0.0,60.5 w/m²,021024,2024-10-02
17:29:00,57.5 °F,51.7 °F,81 %,NE,5.7 mph,7.8 mph,29.70 in,0.00 in,0.01 in,0.0,64 w/m²,021024,2024-10-02
17:34:00,57.2 °F,51.6 °F,81 %,NE,4.5 mph,6.5 mph,29.70 in,0.00 in,0.01 in,0.0,64 w/m²,021024,2024-10-02
17:39:00,57.0 °F,51.2 °F,81 %,NE,4.3 mph,5.9 mph,29.70 in,0.00 in,0.01 in,0.0,73.1 w/m²,021024,2024-10-02
17:44:00,57.0 °F,51.0 °F,80 %,NE,4.6 mph,6.2 mph,29.70 in,0.00 in,0.01 in,0.0,71.1 w/m²,021024,2024-10-02
17:49:00,56.9 °F,51.0 °F,81 %,NE,4.7 mph,6.2 mph,29.70 in,0.00 in,0.01 in,0.0,72.1 w/m²,021024,2024-10-02
17:54:00,56.9 °F,51.2 °F,81 %,NE,3.7 mph,5.2 mph,29.70 in,0.00 in,0.01 in,0.0,64.4 w/m²,021024,2024-10-02
17:59:00,56.8 °F,51.1 °F,81 %,NE,3.4 mph,4.8 mph,29.70 in,0.00 in,0.01 in,0.0,58.2 w/m²,021024,2024-10-02
18:04:00,56.8 °F,51.2 °F,81 %,NE,2.8 mph,4.1 mph,29.71 in,0.00 in,0.01 in,0.0,54.1 w/m²,021024,2024-10-02
18:09:00,56.8 °F,51.5 °F,82 %,NNE,2.2 mph,3.0 mph,29.70 in,0.00 in,0.01 in,0.0,48.1 w/m²,021024,2024-10-02
18:14:00,56.7 °F,51.7 °F,83 %,NE,3.6 mph,5.1 mph,29.71 in,0.00 in,0.01 in,0.0,41 w/m²,021024,2024-10-02
18:19:00,56.7 °F,51.6 °F,83 %,NNE,4.0 mph,5.3 mph,29.70 in,0.00 in,0.01 in,0.0,25.8 w/m²,021024,2024-10-02
18:20:00,56.7 °F,51.6 °F,83 %,NE,4.6 mph,6.0 mph,29.71 in,0.00 in,0.01 in,0.0,19.9 w/m²,021024,2024-10-02
18:44:00,55.7 °F,50.8 °F,84 %,NE,5.2 mph,6.5 mph,29.72 in,0.00 in,0.01 in,0.0,19.8 w/m²,021024,2024-10-02
18:49:00,55.7 °F,50.8 °F,84 %,NNE,5.7 mph,7.4 mph,29.72 in,0.00 in,0.01 in,0.0,18.2 w/m²,021024,2024-10-02
18:54:00,55.6 °F,50.7 °F,84 %,NNE,6.0 mph,7.7 mph,29.72 in,0.00 in,0.01 in,0.0,16.7 w/m²,021024,2024-10-02
18:59:00,55.4 °F,50.7 °F,84 %,NE,5.6 mph,7.3 mph,29.72 in,0.00 in,0.01 in,0.0,11.8 w/m²,021024,2024-10-02
19:04:00,55.2 °F,50.5 °F,84 %,NNE,5.6 mph,7.2 mph,29.72 in,0.00 in,0.01 in,0.0,10 w/m²,021024,2024-10-02
19:09:00,55.2 °F,50.5 °F,84 %,NE,4.9 mph,6.6 mph,29.73 in,0.00 in,0.01 in,0.0,7.1 w/m²,021024,2024-10-02
19:14:00,55.1 °F,50.5 °F,84 %,NE,4.3 mph,5.6 mph,29.73 in,0.00 in,0.01 in,0.0,4.7 w/m²,021024,2024-10-02
19:19:00,54.9 °F,50.4 °F,85 %,NNE,5.6 mph,7.5 mph,29.73 in,0.00 in,0.01 in,0.0,1.9 w/m²,021024,2024-10-02
19:24:00,54.9 °F,50.4 °F,85 %,NNE,4.3 mph,5.6 mph,29.74 in,0.00 in,0.01 in,0.0,1.5 w/m²,021024,2024-10-02
19:29:00,54.9 °F,50.4 °F,85 %,NNE,3.8 mph,4.8 mph,29.73 in,0.00 in,0.01 in,0.0,1.1 w/m²,021024,2024-10-02
19:34:00,54.7 °F,50.2 °F,85 %,NE,3.2 mph,4.4 mph,29.74 in,0.00 in,0.01 in,0.0,0.6 w/m²,021024,2024-10-02
19:39:00,54.6 °F,50.3 °F,86 %,NE,3.1 mph,4.2 mph,29.74 in,0.00 in,0.01 in,0.0,0.2 w/m²,021024,2024-10-02
19:44:00,54.5 °F,50.2 °F,85 %,NE,4.2 mph,5.7 mph,29.74 in,0.00 in,0.01 in,0.0,0.1 w/m²,021024,2024-10-02
19:49:00,54.7 °F,50.2 °F,85 %,NE,4.3 mph,5.6 mph,29.75 in,0.00 in,0.01 in,0.0,0.1 w/m²,021024,2024-10-02
19:54:00,54.7 °F,50.2 °F,85 %,NE,4.3 mph,6.0 mph,29.74 in,0.00 in,0.01 in,0.0,0 w/m²,021024,2024-10-02
19:59:00,54.5 °F,50.0 °F,85 %,NE,4.6 mph,6.4 mph,29.75 in,0.00 in,0.01 in,0.0,0 w/m²,021024,2024-10-02
20:04:00,54.5 °F,49.8 °F,84 %,NNE,4.8 mph,6.5 mph,29.75 in,0.00 in,0.01 in,0.0,0 w/m²,021024,2024-10-02
20:09:00,54.5 °F,49.8 °F,84 %,NE,2.9 mph,4.0 mph,29.75 in,0.00 in,0.01 in,0.0,0 w/m²,021024,2024-10-02
20:14:00,54.2 °F,49.6 °F,84 %,NNE,2.8 mph,3.8 mph,29.75 in,0.00 in,0.01 in,0.0,0 w/m²,021024,2024-10-02
20:19:00,54.0 °F,49.1 °F,84 %,NNE,3.9 mph,5.3 mph,29.74 in,0.00 in,0.01 in,0.0,0 w/m²,021024,2024-10-02
20:24:00,54.0 °F,48.9 °F,83 %,NNE,2.4 mph,3.4 mph,29.75 in,0.00 in,0.01 in,0.0,0 w/m²,021024,2024-10-02
20:29:00,53.7 °F,48.8 °F,84 %,NE,2.0 mph,3.0 mph,29.75 in,0.00 in,0.01 in,0.0,0 w/m²,021024,2024-10-02
20:34:00,53.4 °F,48.7 °F,84 %,NE,2.9 mph,4.1 mph,29.75 in,0.00 in,0.01 in,0.0,0 w/m²,021024,2024-10-02
20:39:00,53.2 °F,48.6 °F,84 %,NE,2.4 mph,3.4 mph,29.75 in,0.00 in,0.01 in,0.0,0 w/m²,021024,2024-10-02
20:44:00,53.2 °F,48.6 °F,84 %,NE,3.4 mph,4.6 mph,29.75 in,0.00 in,0.01 in,0.0,0 w/m²,021024,2024-10-02
20:49:00,53.4 °F,48.7 °F,84 %,NE,3.3 mph,4.5 mph,29.75 in,0.00 in,0.01 in,0.0,0 w/m²,021024,2024-10-02
20:54:00,53.6 °F,48.8 °F,84 %,NE,3.7 mph,4.8 mph,29.76 in,0.00 in,0.01 in,0.0,0 w/m²,021024,2024-10-02
20:59:00,53.9 °F,48.7 °F,83 %,NE,4.3 mph,5.7 mph,29.75 in,0.00 in,0.01 in,0.0,0 w/m²,021024,2024-10-02
21:04:00,54.0 °F,48.5 °F,82 %,NE,4.4 mph,6.3 mph,29.76 in,0.00 in,0.01 in,0.0,0 w/m²,021024,2024-10-02
21:09:00,54.1 °F,48.4 °F,81 %,NE,4.3 mph,6.0 mph,29.76 in,0.00 in,0.01 in,0.0,0 w/m²,021024,2024-10-02
21:14:00,54.3 °F,48.6 °F,81 %,NE,4.3 mph,5.5 mph,29.76 in,0.00 in,0.01 in,0.0,0 w/m²,021024,2024-10-02
21:19:00,54.2 °F,48.7 °F,82 %,NNE,3.7 mph,5.0 mph,29.76 in,0.00 in,0.01 in,0.0,0 w/m²,021024,2024-10-02
21:24:00,54.1 °F,48.7 °F,82 %,NNE,4.0 mph,5.0 mph,29.76 in,0.00 in,0.01 in,0.0,0 w/m²,021024,2024-10-02
21:29:00,54.1 °F,48.8 °F,82 %,NNE,4.5 mph,5.7 mph,29.76 in,0.00 in,0.01 in,0.0,0 w/m²,021024,2024-10-02
21:34:00,54.0 °F,48.6 °F,82 %,NE,5.3 mph,6.9 mph,29.76 in,0.00 in,0.01 in,0.0,0 w/m²,021024,2024-10-02
21:39:00,54.0 °F,48.5 °F,82 %,NE,5.6 mph,8.0 mph,29.76 in,0.00 in,0.01 in,0.0,0 w/m²,021024,2024-10-02
21:44:00,54.0 °F,48.2 °F,81 %,NE,5.1 mph,7.0 mph,29.77 in,0.00 in,0.01 in,0.0,0 w/m²,021024,2024-10-02
21:49:00,53.7 °F,48.3 °F,82 %,NE,3.7 mph,5.1 mph,29.77 in,0.00 in,0.01 in,0.0,0 w/m²,021024,2024-10-02
21:54:00,53.6 °F,48.2 °F,82 %,NE,4.0 mph,5.6 mph,29.77 in,0.00 in,0.01 in,0.0,0 w/m²,021024,2024-10-02
21:59:00,53.4 °F,48.0 °F,82 %,NE,5.8 mph,8.2 mph,29.77 in,0.00 in,0.01 in,0.0,0 w/m²,021024,2024-10-02
22:04:00,53.3 °F,47.9 °F,82 %,NE,5.1 mph,7.0 mph,29.77 in,0.00 in,0.01 in,0.0,0 w/m²,021024,2024-10-02
22:09:00,53.2 °F,47.9 °F,82 %,NE,3.9 mph,5.2 mph,29.78 in,0.00 in,0.01 in,0.0,0 w/m²,021024,2024-10-02
22:14:00,53.1 °F,48.0 °F,83 %,NE,3.9 mph,5.6 mph,29.77 in,0.00 in,0.01 in,0.0,0 w/m²,021024,2024-10-02
22:19:00,53.1 °F,48.0 °F,83 %,NE,3.6 mph,5.3 mph,29.78 in,0.00 in,0.01 in,0.0,0 w/m²,021024,2024-10-02
22:24:00,53.1 °F,48.0 °F,83 %,NE,4.4 mph,6.1 mph,29.78 in,0.00 in,0.01 in,0.0,0 w/m²,021024,2024-10-02
22:29:00,53.1 °F,48.0 °F,83 %,NE,3.8 mph,5.4 mph,29.78 in,0.00 in,0.01 in,0.0,0 w/m²,021024,2024-10-02
22:34:00,53.1 °F,48.0 °F,83 %,NE,3.5 mph,5.1 mph,29.78 in,0.00 in,0.01 in,0.0,0 w/m²,021024,2024-10-02
22:39:00,53.1 °F,48.0 °F,83 %,NE,3.9 mph,5.4 mph,29.78 in,0.00 in,0.01 in,0.0,0 w/m²,021024,2024-10-02
22:44:00,53.1 °F,48.0 °F,83 %,NE,3.1 mph,4.4 mph,29.79 in,0.00 in,0.01 in,0.0,0 w/m²,021024,2024-10-02
22:49:00,53.1 °F,48.0 °F,83 %,NE,4.4 mph,6.2 mph,29.79 in,0.00 in,0.01 in,0.0,0 w/m²,021024,2024-10-02
22:54:00,53.1 °F,48.0 °F,83 %,NE,4.7 mph,6.5 mph,29.78 in,0.00 in,0.01 in,0.0,0 w/m²,021024,2024-10-02
22:59:00,53.1 °F,48.0 °F,83 %,NE,4.4 mph,6.1 mph,29.79 in,0.00 in,0.01 in,0.0,0 w/m²,021024,2024-10-02
23:04:00,53.1 °F,48.1 °F,83 %,NE,5.0 mph,6.8 mph,29.79 in,0.00 in,0.01 in,0.0,0 w/m²,021024,2024-10-02
23:09:00,53.1 °F,48.0 °F,83 %,NE,4.1 mph,5.5 mph,29.79 in,0.00 in,0.01 in,0.0,0 w/m²,021024,2024-10-02
23:14:00,53.1 °F,48.3 °F,84 %,NE,4.3 mph,5.7 mph,29.79 in,0.00 in,0.01 in,0.0,0 w/m²,021024,2024-10-02
23:19:00,53.1 °F,48.4 °F,84 %,NE,4.1 mph,5.6 mph,29.79 in,0.00 in,0.01 in,0.0,0 w/m²,021024,2024-10-02
23:24:00,53.0 °F,48.3 °F,84 %,NE,3.9 mph,5.9 mph,29.79 in,0.00 in,0.01 in,0.0,0 w/m²,021024,2024-10-02
23:29:00,52.9 °F,48.4 °F,85 %,NE,3.7 mph,5.1 mph,29.79 in,0.00 in,0.01 in,0.0,0 w/m²,021024,2024-10-02
23:34:00,52.9 °F,48.3 °F,84 %,NE,4.9 mph,6.4 mph,29.79 in,0.00 in,0.01 in,0.0,0 w/m²,021024,2024-10-02
23:39:00,53.1 °F,48.4 °F,84 %,NE,4.5 mph,6.0 mph,29.79 in,0.00 in,0.01 in,0.0,0 w/m²,021024,2024-10-02
23:44:00,52.9 °F,48.2 °F,84 %,NE,4.5 mph,5.9 mph,29.80 in,0.00 in,0.01 in,0.0,0 w/m²,021024,2024-10-02
23:49:00,52.9 °F,48.3 °F,84 %,NE,3.6 mph,5.0 mph,29.80 in,0.00 in,0.01 in,0.0,0 w/m²,021024,2024-10-02
23:54:00,52.9 °F,48.3 °F,84 %,NNE,5.8 mph,7.8 mph,29.80 in,0.00 in,0.01 in,0.0,0 w/m²,021024,2024-10-02
23:59:00,52.9 °F,48.5 °F,85 %,NNE,3.7 mph,5.2 mph,29.80 in,0.00 in,0.01 in,0.0,0 w/m²,021024,2024-10-02
00:04:00,52.8 °F,48.5 °F,85 %,NNE,4.6 mph,6.1 mph,29.80 in,0.00 in,0.00 in,0.0,0 w/m²,031024,2024-10-03
00:09:00,52.7 °F,48.4 °F,85 %,NE,4.4 mph,6.3 mph,29.80 in,0.00 in,0.00 in,0.0,0 w/m²,031024,2024-10-03
00:14:00,52.8 °F,48.5 °F,85 %,NE,4.8 mph,6.6 mph,29.81 in,0.00 in,0.00 in,0.0,0 w/m²,031024,2024-10-03
00:19:00,52.7 °F,48.4 °F,85 %,NE,4.2 mph,5.9 mph,29.80 in,0.00 in,0.00 in,0.0,0 w/m²,031024,2024-10-03
00:24:00,52.7 °F,48.4 °F,85 %,NNE,4.3 mph,6.1 mph,29.80 in,0.00 in,0.00 in,0.0,0 w/m²,031024,2024-10-03
00:29:00,52.6 °F,48.3 °F,85 %,ENE,4.6 mph,6.5 mph,29.81 in,0.00 in,0.00 in,0.0,0 w/m²,031024,2024-10-03
00:34:00,52.5 °F,48.0 °F,85 %,NE,5.6 mph,7.3 mph,29.81 in,0.00 in,0.00 in,0.0,0 w/m²,031024,2024-10-03
00:39:00,52.4 °F,47.8 °F,84 %,NE,4.8 mph,6.6 mph,29.81 in,0.00 in,0.00 in,0.0,0 w/m²,031024,2024-10-03
00:44:00,52.3 °F,47.5 °F,84 %,NE,5.3 mph,7.1 mph,29.81 in,0.00 in,0.00 in,0.0,0 w/m²,031024,2024-10-03
00:49:00,52.3 °F,47.3 °F,83 %,NE,5.8 mph,8.3 mph,29.81 in,0.00 in,0.00 in,0.0,0 w/m²,031024,2024-10-03
00:54:00,52.3 °F,47.0 °F,82 %,NE,5.9 mph,7.9 mph,29.81 in,0.00 in,0.00 in,0.0,0 w/m²,031024,2024-10-03
00:59:00,52.3 °F,47.1 °F,83 %,NE,3.7 mph,5.0 mph,29.81 in,0.00 in,0.00 in,0.0,0 w/m²,031024,2024-10-03
01:04:00,52.2 °F,47.1 °F,83 %,ENE,4.7 mph,6.9 mph,29.81 in,0.00 in,0.00 in,0.0,0 w/m²,031024,2024-10-03
01:09:00,52.2 °F,47.1 °F,83 %,NE,4.6 mph,6.7 mph,29.81 in,0.00 in,0.00 in,0.0,0 w/m²,031024,2024-10-03
01:14:00,52.2 °F,47.1 °F,83 %,NE,4.1 mph,5.7 mph,29.81 in,0.00 in,0.00 in,0.0,0 w/m²,031024,2024-10-03
01:19:00,52.0 °F,46.9 °F,83 %,NE,4.9 mph,6.9 mph,29.81 in,0.00 in,0.00 in,0.0,0 w/m²,031024,2024-10-03
01:24:00,52.0 °F,46.6 °F,82 %,ENE,5.5 mph,7.3 mph,29.81 in,0.00 in,0.00 in,0.0,0 w/m²,031024,2024-10-03
01:29:00,52.0 °F,46.6 °F,82 %,ENE,5.0 mph,7.2 mph,29.81 in,0.00 in,0.00 in,0.0,0 w/m²,031024,2024-10-03
01:34:00,52.0 °F,46.6 °F,82 %,ENE,4.0 mph,5.6 mph,29.81 in,0.00 in,0.00 in,0.0,0 w/m²,031024,2024-10-03
01:39:00,51.9 °F,46.6 °F,82 %,NE,5.5 mph,7.9 mph,29.81 in,0.00 in,0.00 in,0.0,0 w/m²,031024,2024-10-03
01:44:00,52.0 °F,46.5 °F,82 %,NE,4.3 mph,5.9 mph,29.81 in,0.00 in,0.00 in,0.0,0 w/m²,031024,2024-10-03
01:49:00,51.9 °F,46.6 °F,82 %,NE,3.8 mph,5.5 mph,29.81 in,0.00 in,0.00 in,0.0,0 w/m²,031024,2024-10-03
01:54:00,51.8 °F,46.6 °F,82 %,NE,3.1 mph,4.5 mph,29.81 in,0.00 in,0.00 in,0.0,0 w/m²,031024,2024-10-03
01:59:00,51.6 °F,46.4 °F,82 %,NE,4.0 mph,5.3 mph,29.81 in,0.00 in,0.00 in,0.0,0 w/m²,031024,2024-10-03
02:04:00,51.6 °F,46.4 °F,82 %,NE,4.1 mph,5.6 mph,29.82 in,0.00 in,0.00 in,0.0,0 w/m²,031024,2024-10-03
02:09:00,51.8 °F,46.2 °F,81 %,NE,5.5 mph,7.2 mph,29.82 in,0.00 in,0.00 in,0.0,0 w/m²,031024,2024-10-03
02:14:00,51.8 °F,46.2 °F,81 %,NE,3.4 mph,5.0 mph,29.82 in,0.00 in,0.00 in,0.0,0 w/m²,031024,2024-10-03
02:19:00,51.7 °F,46.1 °F,81 %,NE,3.5 mph,4.8 mph,29.83 in,0.00 in,0.00 in,0.0,0 w/m²,031024,2024-10-03
02:24:00,51.6 °F,46.3 °F,82 %,NE,3.6 mph,5.0 mph,29.83 in,0.00 in,0.00 in,0.0,0 w/m²,031024,2024-10-03
02:29:00,51.4 °F,46.2 °F,82 %,NE,4.1 mph,5.5 mph,29.83 in,0.00 in,0.00 in,0.0,0 w/m²,031024,2024-10-03
02:34:00,51.5 °F,46.1 °F,82 %,NE,5.0 mph,6.7 mph,29.83 in,0.00 in,0.00 in,0.0,0 w/m²,031024,2024-10-03
02:39:00,51.6 °F,46.0 °F,81 %,NE,4.8 mph,6.3 mph,29.83 in,0.00 in,0.00 in,0.0,0 w/m²,031024,2024-10-03
02:44:00,51.6 °F,46.0 °F,81 %,NE,3.7 mph,5.1 mph,29.83 in,0.00 in,0.00 in,0.0,0 w/m²,031024,2024-10-03
02:49:00,51.5 °F,45.9 °F,81 %,NE,3.9 mph,5.8 mph,29.83 in,0.00 in,0.00 in,0.0,0 w/m²,031024,2024-10-03
02:54:00,51.4 °F,45.9 °F,81 %,NE,4.0 mph,5.7 mph,29.82 in,0.00 in,0.00 in,0.0,0 w/m²,031024,2024-10-03
02:59:00,51.6 °F,46.0 °F,81 %,NE,5.1 mph,6.9 mph,29.83 in,0.00 in,0.00 in,0.0,0 w/m²,031024,2024-10-03
03:04:00,51.5 °F,45.9 °F,81 %,NE,4.0 mph,5.4 mph,29.83 in,0.00 in,0.00 in,0.0,0 w/m²,031024,2024-10-03
03:09:00,51.4 °F,45.9 °F,81 %,NE,3.8 mph,5.0 mph,29.83 in,0.00 in,0.00 in,0.0,0 w/m²,031024,2024-10-03
03:14:00,51.4 °F,45.8 °F,81 %,NE,3.4 mph,4.9 mph,29.83 in,0.00 in,0.00 in,0.0,0 w/m²,031024,2024-10-03
03:19:00,51.4 °F,45.8 °F,81 %,NE,3.5 mph,4.6 mph,29.83 in,0.00 in,0.00 in,0.0,0 w/m²,031024,2024-10-03
03:24:00,51.3 °F,45.7 °F,81 %,NE,3.9 mph,5.2 mph,29.83 in,0.00 in,0.00 in,0.0,0 w/m²,031024,2024-10-03
03:29:00,51.2 °F,45.6 °F,81 %,NNE,3.9 mph,5.3 mph,29.83 in,0.00 in,0.00 in,0.0,0 w/m²,031024,2024-10-03
03:34:00,51.1 °F,45.5 °F,81 %,ENE,4.4 mph,6.5 mph,29.83 in,0.00 in,0.00 in,0.0,0 w/m²,031024,2024-10-03
03:39:00,51.1 °F,45.5 °F,81 %,NE,2.6 mph,3.8 mph,29.83 in,0.00 in,0.00 in,0.0,0 w/m²,031024,2024-10-03
03:44:00,50.9 °F,45.3 °F,81 %,NE,3.8 mph,5.0 mph,29.83 in,0.00 in,0.00 in,0.0,0 w/m²,031024,2024-10-03
03:49:00,50.8 °F,45.4 °F,82 %,NE,3.1 mph,4.2 mph,29.84 in,0.00 in,0.00 in,0.0,0 w/m²,031024,2024-10-03
03:54:00,50.5 °F,45.3 °F,82 %,NE,3.0 mph,4.4 mph,29.83 in,0.00 in,0.00 in,0.0,0 w/m²,031024,2024-10-03
03:59:00,50.4 °F,45.1 °F,82 %,NE,3.8 mph,5.3 mph,29.83 in,0.00 in,0.00 in,0.0,0 w/m²,031024,2024-10-03
04:04:00,50.4 °F,44.9 °F,81 %,NE,2.3 mph,3.1 mph,29.83 in,0.00 in,0.00 in,0.0,0 w/m²,031024,2024-10-03
04:09:00,50.1 °F,44.9 °F,82 %,NE,3.5 mph,4.8 mph,29.83 in,0.00 in,0.00 in,0.0,0 w/m²,031024,2024-10-03
04:14:00,50.0 °F,44.8 °F,82 %,NE,2.4 mph,3.3 mph,29.83 in,0.00 in,0.00 in,0.0,0 w/m²,031024,2024-10-03
04:19:00,49.7 °F,44.7 °F,83 %,NE,2.6 mph,3.6 mph,29.83 in,0.00 in,0.00 in,0.0,0 w/m²,031024,2024-10-03
04:24:00,49.5 °F,44.6 °F,84 %,NE,2.5 mph,3.1 mph,29.84 in,0.00 in,0.00 in,0.0,0 w/m²,031024,2024-10-03
04:29:00,49.4 °F,44.7 °F,84 %,NE,2.5 mph,3.6 mph,29.83 in,0.00 in,0.00 in,0.0,0 w/m²,031024,2024-10-03
04:34:00,49.0 °F,44.7 °F,85 %,NE,1.9 mph,2.8 mph,29.84 in,0.00 in,0.00 in,0.0,0 w/m²,031024,2024-10-03
04:39:00,48.9 °F,44.9 °F,86 %,NE,2.3 mph,3.3 mph,29.83 in,0.00 in,0.00 in,0.0,0 w/m²,031024,2024-10-03
04:44:00,48.8 °F,44.9 °F,86 %,NE,2.7 mph,3.5 mph,29.83 in,0.00 in,0.00 in,0.0,0 w/m²,031024,2024-10-03
04:49:00,49.0 °F,45.0 °F,86 %,NE,2.7 mph,3.8 mph,29.84 in,0.00 in,0.00 in,0.0,0 w/m²,031024,2024-10-03
04:54:00,48.9 °F,45.1 °F,87 %,NE,2.4 mph,3.1 mph,29.84 in,0.00 in,0.00 in,0.0,0 w/m²,031024,2024-10-03
04:59:00,48.9 °F,45.1 °F,87 %,NE,2.6 mph,3.5 mph,29.84 in,0.00 in,0.00 in,0.0,0 w/m²,031024,2024-10-03
05:04:00,48.7 °F,45.0 °F,87 %,NE,2.6 mph,3.5 mph,29.84 in,0.00 in,0.00 in,0.0,0 w/m²,031024,2024-10-03
05:09:00,48.6 °F,45.1 °F,88 %,NE,2.1 mph,2.9 mph,29.84 in,0.00 in,0.00 in,0.0,0 w/m²,031024,2024-10-03
05:14:00,48.3 °F,44.9 °F,88 %,NNE,1.5 mph,2.1 mph,29.84 in,0.00 in,0.00 in,0.0,0 w/m²,031024,2024-10-03
05:19:00,48.3 °F,44.9 °F,88 %,NNE,1.8 mph,2.8 mph,29.84 in,0.00 in,0.00 in,0.0,0 w/m²,031024,2024-10-03
05:24:00,48.0 °F,45.0 °F,89 %,NNE,2.0 mph,2.7 mph,29.84 in,0.00 in,0.00 in,0.0,0 w/m²,031024,2024-10-03
05:29:00,48.0 °F,45.0 °F,89 %,NE,1.7 mph,2.3 mph,29.84 in,0.00 in,0.00 in,0.0,0 w/m²,031024,2024-10-03
05:34:00,47.9 °F,44.9 °F,89 %,NE,1.5 mph,1.9 mph,29.84 in,0.00 in,0.00 in,0.0,0 w/m²,031024,2024-10-03
05:39:00,47.7 °F,44.7 °F,89 %,NNE,1.5 mph,2.3 mph,29.84 in,0.00 in,0.00 in,0.0,0 w/m²,031024,2024-10-03
05:44:00,47.7 °F,44.6 °F,89 %,NE,1.3 mph,1.8 mph,29.84 in,0.00 in,0.00 in,0.0,0 w/m²,031024,2024-10-03
05:49:00,47.6 °F,44.5 °F,89 %,NE,1.5 mph,2.2 mph,29.84 in,0.00 in,0.00 in,0.0,0 w/m²,031024,2024-10-03
05:54:00,47.6 °F,44.5 °F,89 %,NE,2.2 mph,3.1 mph,29.85 in,0.00 in,0.00 in,0.0,0 w/m²,031024,2024-10-03
05:59:00,47.7 °F,44.7 °F,89 %,NE,2.5 mph,3.6 mph,29.85 in,0.00 in,0.00 in,0.0,0 w/m²,031024,2024-10-03
06:04:00,47.9 °F,44.9 °F,89 %,NE,1.7 mph,2.5 mph,29.85 in,0.00 in,0.00 in,0.0,0 w/m²,031024,2024-10-03
06:09:00,47.8 °F,44.8 °F,89 %,NE,2.2 mph,3.0 mph,29.85 in,0.00 in,0.00 in,0.0,0 w/m²,031024,2024-10-03
06:14:00,47.9 °F,44.9 °F,89 %,NE,2.3 mph,3.5 mph,29.85 in,0.00 in,0.00 in,0.0,0 w/m²,031024,2024-10-03
06:19:00,47.8 °F,44.8 °F,89 %,NE,2.5 mph,3.4 mph,29.85 in,0.00 in,0.00 in,0.0,0 w/m²,031024,2024-10-03
06:24:00,47.8 °F,44.8 °F,89 %,NNE,2.3 mph,3.2 mph,29.85 in,0.00 in,0.00 in,0.0,0 w/m²,031024,2024-10-03
06:29:00,47.7 °F,44.6 °F,89 %,NNE,2.4 mph,3.2 mph,29.86 in,0.00 in,0.00 in,0.0,0 w/m²,031024,2024-10-03
06:34:00,47.6 °F,44.5 °F,89 %,NNE,1.9 mph,2.7 mph,29.86 in,0.00 in,0.00 in,0.0,0 w/m²,031024,2024-10-03
06:39:00,47.3 °F,44.3 °F,89 %,NNE,0.7 mph,1.2 mph,29.85 in,0.00 in,0.00 in,0.0,0 w/m²,031024,2024-10-03
06:44:00,47.1 °F,44.1 °F,89 %,NE,1.2 mph,1.9 mph,29.86 in,0.00 in,0.00 in,0.0,0 w/m²,031024,2024-10-03
06:49:00,47.1 °F,44.2 °F,89 %,NE,1.7 mph,2.5 mph,29.86 in,0.00 in,0.00 in,0.0,0 w/m²,031024,2024-10-03
06:54:00,47.2 °F,44.2 °F,89 %,NE,1.9 mph,2.6 mph,29.86 in,0.00 in,0.00 in,0.0,0 w/m²,031024,2024-10-03
06:59:00,47.0 °F,44.1 °F,89 %,NE,1.8 mph,2.5 mph,29.86 in,0.00 in,0.00 in,0.0,0 w/m²,031024,2024-10-03
07:04:00,46.9 °F,44.2 °F,90 %,NE,2.1 mph,3.0 mph,29.86 in,0.00 in,0.00 in,0.0,0 w/m²,031024,2024-10-03
07:09:00,46.8 °F,44.1 °F,90 %,NE,1.4 mph,2.1 mph,29.86 in,0.00 in,0.00 in,0.0,0 w/m²,031024,2024-10-03
07:14:00,46.8 °F,44.1 °F,90 %,NNE,2.8 mph,3.4 mph,29.87 in,0.00 in,0.00 in,0.0,0 w/m²,031024,2024-10-03
07:19:00,46.8 °F,44.1 °F,90 %,NE,1.8 mph,2.4 mph,29.87 in,0.00 in,0.00 in,0.0,0 w/m²,031024,2024-10-03
07:24:00,46.7 °F,44.0 °F,90 %,NNE,2.2 mph,3.0 mph,29.86 in,0.00 in,0.00 in,0.0,0 w/m²,031024,2024-10-03
07:29:00,46.6 °F,43.9 °F,90 %,NNE,2.1 mph,2.8 mph,29.87 in,0.00 in,0.00 in,0.0,0.1 w/m²,031024,2024-10-03
07:34:00,46.3 °F,43.6 °F,90 %,NE,1.2 mph,1.7 mph,29.87 in,0.00 in,0.00 in,0.0,0.3 w/m²,031024,2024-10-03
07:39:00,46.1 °F,43.7 °F,91 %,NNE,1.3 mph,2.0 mph,29.87 in,0.00 in,0.00 in,0.0,0.6 w/m²,031024,2024-10-03
07:44:00,46.0 °F,43.7 °F,91 %,NNE,1.5 mph,1.9 mph,29.87 in,0.00 in,0.00 in,0.0,1.2 w/m²,031024,2024-10-03
07:49:00,45.9 °F,43.5 °F,91 %,NNE,1.4 mph,1.8 mph,29.88 in,0.00 in,0.00 in,0.0,2.1 w/m²,031024,2024-10-03
07:54:00,45.7 °F,43.3 °F,91 %,North,0.9 mph,1.3 mph,29.88 in,0.00 in,0.00 in,0.0,3.5 w/m²,031024,2024-10-03
07:59:00,45.4 °F,43.1 °F,91 %,NNW,0.7 mph,1.0 mph,29.88 in,0.00 in,0.00 in,0.0,5.2 w/m²,031024,2024-10-03
08:04:00,45.2 °F,43.0 °F,92 %,NNW,1.1 mph,1.3 mph,29.88 in,0.00 in,0.00 in,0.0,7.1 w/m²,031024,2024-10-03
08:09:00,45.0 °F,42.8 °F,92 %,NNW,1.1 mph,1.4 mph,29.88 in,0.00 in,0.00 in,0.0,9.2 w/m²,031024,2024-10-03
08:14:00,44.8 °F,42.6 °F,92 %,NNW,1.0 mph,1.1 mph,29.88 in,0.00 in,0.00 in,0.0,11.3 w/m²,031024,2024-10-03
08:19:00,45.0 °F,42.9 °F,92 %,NNW,1.0 mph,1.1 mph,29.88 in,0.00 in,0.00 in,0.0,13.5 w/m²,031024,2024-10-03
08:24:00,45.3 °F,43.2 °F,92 %,NNW,0.9 mph,1.1 mph,29.89 in,0.00 in,0.00 in,0.0,15.6 w/m²,031024,2024-10-03
08:29:00,45.4 °F,43.3 °F,92 %,NNW,0.8 mph,1.2 mph,29.89 in,0.00 in,0.00 in,0.0,17.3 w/m²,031024,2024-10-03
08:34:00,45.7 °F,43.5 °F,92 %,NNW,0.7 mph,1.1 mph,29.89 in,0.00 in,0.00 in,0.0,19.2 w/m²,031024,2024-10-03
08:39:00,46.1 °F,43.9 °F,92 %,NNW,0.8 mph,1.1 mph,29.89 in,0.00 in,0.00 in,0.0,20.7 w/m²,031024,2024-10-03
08:44:00,46.3 °F,44.1 °F,92 %,NNW,0.7 mph,1.1 mph,29.89 in,0.00 in,0.00 in,0.0,24.7 w/m²,031024,2024-10-03
08:49:00,46.7 °F,44.3 °F,91 %,NNW,0.9 mph,1.4 mph,29.89 in,0.00 in,0.00 in,0.0,23.4 w/m²,031024,2024-10-03
08:54:00,47.0 °F,44.7 °F,91 %,NNW,1.1 mph,1.3 mph,29.89 in,0.00 in,0.00 in,0.0,25.8 w/m²,031024,2024-10-03
08:59:00,47.4 °F,44.9 °F,91 %,NNW,1.1 mph,1.6 mph,29.90 in,0.00 in,0.00 in,0.0,26.4 w/m²,031024,2024-10-03
09:04:00,47.8 °F,44.9 °F,90 %,NNW,0.9 mph,1.2 mph,29.90 in,0.00 in,0.00 in,0.0,27.9 w/m²,031024,2024-10-03
09:09:00,48.3 °F,45.3 °F,90 %,NNW,0.5 mph,0.8 mph,29.90 in,0.00 in,0.00 in,0.0,50.2 w/m²,031024,2024-10-03
09:14:00,48.7 °F,45.4 °F,89 %,NNW,0.9 mph,1.2 mph,29.90 in,0.00 in,0.00 in,0.0,55.1 w/m²,031024,2024-10-03
09:19:00,49.3 °F,45.7 °F,88 %,North,0.8 mph,1.2 mph,29.90 in,0.00 in,0.00 in,0.0,58.2 w/m²,031024,2024-10-03
09:24:00,49.7 °F,45.8 °F,86 %,ENE,1.0 mph,1.8 mph,29.90 in,0.00 in,0.00 in,0.0,63.3 w/m²,031024,2024-10-03
09:29:00,50.3 °F,45.6 °F,84 %,East,2.2 mph,2.8 mph,29.90 in,0.00 in,0.00 in,0.0,78.7 w/m²,031024,2024-10-03
09:34:00,50.6 °F,45.7 °F,83 %,East,2.0 mph,2.8 mph,29.90 in,0.00 in,0.00 in,1.0,112.2 w/m²,031024,2024-10-03
09:39:00,51.2 °F,46.0 °F,82 %,East,1.9 mph,2.6 mph,29.90 in,0.00 in,0.00 in,1.0,131.1 w/m²,031024,2024-10-03
09:44:00,51.7 °F,46.2 °F,81 %,ESE,2.0 mph,2.8 mph,29.91 in,0.00 in,0.00 in,1.0,159.7 w/m²,031024,2024-10-03
09:49:00,52.3 °F,46.3 °F,80 %,ESE,1.8 mph,2.5 mph,29.91 in,0.00 in,0.00 in,1.0,166.3 w/m²,031024,2024-10-03
09:54:00,52.7 °F,46.5 °F,79 %,East,1.8 mph,2.5 mph,29.91 in,0.00 in,0.00 in,1.0,171.8 w/m²,031024,2024-10-03
09:59:00,52.8 °F,46.3 °F,78 %,ENE,3.3 mph,4.3 mph,29.91 in,0.00 in,0.00 in,1.0,164.6 w/m²,031024,2024-10-03
10:04:00,52.8 °F,46.3 °F,78 %,NE,3.3 mph,4.5 mph,29.91 in,0.00 in,0.00 in,1.0,172.9 w/m²,031024,2024-10-03
10:09:00,52.7 °F,46.1 °F,78 %,ENE,3.9 mph,5.6 mph,29.91 in,0.00 in,0.00 in,1.0,186.8 w/m²,031024,2024-10-03
10:14:00,52.6 °F,45.7 °F,77 %,ENE,4.9 mph,7.1 mph,29.91 in,0.00 in,0.00 in,1.0,197.1 w/m²,031024,2024-10-03
10:19:00,52.8 °F,46.1 °F,78 %,ENE,3.5 mph,4.9 mph,29.92 in,0.00 in,0.00 in,2.0,231 w/m²,031024,2024-10-03
10:24:00,52.9 °F,46.0 °F,77 %,ENE,5.6 mph,7.6 mph,29.92 in,0.00 in,0.00 in,2.0,216.4 w/m²,031024,2024-10-03
10:29:00,53.0 °F,46.1 °F,77 %,NE,4.0 mph,5.4 mph,29.92 in,0.00 in,0.00 in,2.0,224.6 w/m²,031024,2024-10-03
10:34:00,53.5 °F,46.6 °F,77 %,NE,3.9 mph,5.2 mph,29.92 in,0.00 in,0.00 in,2.0,234.6 w/m²,031024,2024-10-03
10:39:00,53.5 °F,46.4 °F,77 %,NE,4.0 mph,5.8 mph,29.92 in,0.00 in,0.00 in,2.0,243.3 w/m²,031024,2024-10-03
10:44:00,53.7 °F,46.5 °F,76 %,NE,3.5 mph,4.6 mph,29.92 in,0.00 in,0.00 in,2.0,252.4 w/m²,031024,2024-10-03
10:49:00,53.8 °F,46.0 °F,75 %,ENE,5.1 mph,7.0 mph,29.92 in,0.00 in,0.00 in,2.0,260.9 w/m²,031024,2024-10-03
10:54:00,54.0 °F,46.4 °F,76 %,NE,3.8 mph,5.5 mph,29.92 in,0.00 in,0.00 in,2.0,268 w/m²,031024,2024-10-03
10:59:00,54.1 °F,46.5 °F,75 %,NE,4.2 mph,6.0 mph,29.92 in,0.00 in,0.00 in,2.0,277.2 w/m²,031024,2024-10-03
11:04:00,54.5 °F,46.9 °F,75 %,ENE,3.8 mph,5.4 mph,29.92 in,0.00 in,0.00 in,2.0,284.3 w/m²,031024,2024-10-03
11:09:00,54.7 °F,46.7 °F,74 %,NE,5.2 mph,6.6 mph,29.92 in,0.00 in,0.00 in,2.0,292.5 w/m²,031024,2024-10-03
11:14:00,54.7 °F,46.8 °F,75 %,NE,3.5 mph,5.1 mph,29.92 in,0.00 in,0.00 in,2.0,300.1 w/m²,031024,2024-10-03
11:19:00,54.9 °F,46.7 °F,74 %,NE,4.2 mph,5.8 mph,29.93 in,0.00 in,0.00 in,2.0,307.8 w/m²,031024,2024-10-03
11:24:00,54.8 °F,45.8 °F,72 %,ENE,5.8 mph,8.1 mph,29.93 in,0.00 in,0.00 in,3.0,314.5 w/m²,031024,2024-10-03
11:29:00,54.9 °F,45.3 °F,70 %,ENE,6.4 mph,8.8 mph,29.93 in,0.00 in,0.00 in,3.0,320.7 w/m²,031024,2024-10-03
11:34:00,54.9 °F,45.4 °F,70 %,NE,5.9 mph,8.0 mph,29.93 in,0.00 in,0.00 in,3.0,327.1 w/m²,031024,2024-10-03
11:39:00,55.0 °F,45.3 °F,70 %,NE,7.4 mph,10.9 mph,29.93 in,0.00 in,0.00 in,3.0,334 w/m²,031024,2024-10-03
11:44:00,55.0 °F,45.0 °F,69 %,ENE,6.6 mph,9.2 mph,29.93 in,0.00 in,0.00 in,3.0,338.5 w/m²,031024,2024-10-03
11:49:00,55.5 °F,45.9 °F,70 %,NE,4.2 mph,5.9 mph,29.93 in,0.00 in,0.00 in,3.0,344.3 w/m²,031024,2024-10-03
11:54:00,55.6 °F,45.3 °F,68 %,NE,6.7 mph,8.9 mph,29.93 in,0.00 in,0.00 in,3.0,349.4 w/m²,031024,2024-10-03
11:59:00,55.7 °F,45.4 °F,68 %,ENE,5.2 mph,7.2 mph,29.93 in,0.00 in,0.00 in,3.0,356 w/m²,031024,2024-10-03
12:04:00,56.0 °F,45.5 °F,68 %,ENE,6.1 mph,8.3 mph,29.93 in,0.00 in,0.00 in,3.0,363.2 w/m²,031024,2024-10-03
12:09:00,55.9 °F,45.2 °F,67 %,ENE,7.3 mph,10.4 mph,29.93 in,0.00 in,0.00 in,3.0,363.3 w/m²,031024,2024-10-03
12:14:00,55.9 °F,44.6 °F,66 %,ENE,7.1 mph,9.8 mph,29.92 in,0.00 in,0.00 in,3.0,368.5 w/m²,031024,2024-10-03
12:19:00,55.8 °F,44.7 °F,66 %,ENE,7.2 mph,10.2 mph,29.93 in,0.00 in,0.00 in,3.0,374.1 w/m²,031024,2024-10-03
12:24:00,55.9 °F,45.1 °F,67 %,ENE,6.5 mph,9.4 mph,29.93 in,0.00 in,0.00 in,3.0,376.5 w/m²,031024,2024-10-03
12:29:00,56.4 °F,45.6 °F,67 %,ENE,5.4 mph,7.4 mph,29.92 in,0.00 in,0.00 in,3.0,383.9 w/m²,031024,2024-10-03
12:34:00,56.5 °F,45.2 °F,66 %,ENE,6.7 mph,9.0 mph,29.92 in,0.00 in,0.00 in,3.0,384.1 w/m²,031024,2024-10-03
12:39:00,56.4 °F,45.1 °F,66 %,ENE,7.2 mph,10.0 mph,29.92 in,0.00 in,0.00 in,3.0,383.4 w/m²,031024,2024-10-03
12:44:00,56.4 °F,44.3 °F,64 %,ENE,8.0 mph,10.6 mph,29.92 in,0.00 in,0.00 in,3.0,390.6 w/m²,031024,2024-10-03
12:47:00,56.6 °F,44.3 °F,64 %,ENE,7.9 mph,11.6 mph,29.92 in,0.00 in,0.00 in,3.0,391 w/m²,031024,2024-10-03
13:14:00,56.9 °F,44.6 °F,63 %,East,5.7 mph,7.6 mph,29.92 in,0.00 in,0.00 in,3.0,396.9 w/m²,031024,2024-10-03
13:16:00,57.0 °F,44.7 °F,63 %,East,6.2 mph,8.9 mph,29.91 in,0.00 in,0.00 in,3.0,393.2 w/m²,031024,2024-10-03
13:24:00,56.9 °F,44.4 °F,63 %,ENE,7.2 mph,9.7 mph,29.91 in,0.00 in,0.00 in,3.0,393.1 w/m²,031024,2024-10-03
13:29:00,57.1 °F,44.6 °F,63 %,NE,7.4 mph,9.9 mph,29.91 in,0.00 in,0.00 in,3.0,400.6 w/m²,031024,2024-10-03
13:34:00,57.0 °F,44.5 °F,63 %,ENE,6.3 mph,9.1 mph,29.91 in,0.00 in,0.00 in,4.0,414.8 w/m²,031024,2024-10-03
13:39:00,57.0 °F,45.0 °F,64 %,NE,5.3 mph,7.8 mph,29.91 in,0.00 in,0.00 in,3.0,402.5 w/m²,031024,2024-10-03
13:44:00,57.3 °F,44.8 °F,63 %,East,5.7 mph,7.5 mph,29.91 in,0.00 in,0.00 in,3.0,401.6 w/m²,031024,2024-10-03
13:49:00,57.9 °F,45.8 °F,64 %,NE,4.8 mph,7.0 mph,29.91 in,0.00 in,0.00 in,4.0,425.4 w/m²,031024,2024-10-03
13:54:00,58.1 °F,46.0 °F,64 %,NNE,7.2 mph,9.3 mph,29.91 in,0.00 in,0.00 in,4.0,458.6 w/m²,031024,2024-10-03
13:59:00,57.2 °F,45.2 °F,64 %,NE,7.3 mph,9.4 mph,29.91 in,0.00 in,0.00 in,2.0,280.5 w/m²,031024,2024-10-03
14:04:00,55.4 °F,44.3 °F,66 %,NE,5.2 mph,7.4 mph,29.91 in,0.00 in,0.00 in,3.0,392.8 w/m²,031024,2024-10-03
14:09:00,56.5 °F,44.8 °F,65 %,NE,5.6 mph,8.0 mph,29.91 in,0.00 in,0.00 in,3.0,393 w/m²,031024,2024-10-03
14:14:00,57.1 °F,44.2 °F,62 %,ENE,6.7 mph,9.3 mph,29.91 in,0.00 in,0.00 in,3.0,379.3 w/m²,031024,2024-10-03
14:19:00,57.5 °F,43.9 °F,60 %,ENE,7.1 mph,9.7 mph,29.90 in,0.00 in,0.00 in,3.0,378.7 w/m²,031024,2024-10-03
14:24:00,57.5 °F,44.0 °F,61 %,ENE,6.9 mph,9.1 mph,29.91 in,0.00 in,0.00 in,3.0,380.4 w/m²,031024,2024-10-03
14:29:00,57.8 °F,45.2 °F,63 %,ENE,4.2 mph,5.8 mph,29.91 in,0.00 in,0.00 in,3.0,376.3 w/m²,031024,2024-10-03
14:34:00,57.8 °F,45.3 °F,63 %,NE,6.2 mph,8.2 mph,29.91 in,0.00 in,0.00 in,3.0,398 w/m²,031024,2024-10-03
14:39:00,57.8 °F,45.7 °F,64 %,NE,7.2 mph,9.6 mph,29.91 in,0.00 in,0.00 in,3.0,392.8 w/m²,031024,2024-10-03
14:44:00,57.6 °F,45.3 °F,64 %,NE,6.4 mph,8.9 mph,29.91 in,0.00 in,0.00 in,3.0,357.9 w/m²,031024,2024-10-03
14:49:00,57.7 °F,45.3 °F,63 %,NE,6.7 mph,8.7 mph,29.91 in,0.00 in,0.00 in,3.0,349.4 w/m²,031024,2024-10-03
14:54:00,57.7 °F,45.7 °F,64 %,NNE,6.2 mph,8.0 mph,29.91 in,0.00 in,0.00 in,3.0,392.5 w/m²,031024,2024-10-03
14:59:00,58.2 °F,45.5 °F,62 %,ENE,5.1 mph,7.3 mph,29.91 in,0.00 in,0.00 in,3.0,392.6 w/m²,031024,2024-10-03
15:04:00,58.5 °F,45.7 °F,62 %,ENE,4.7 mph,6.8 mph,29.91 in,0.00 in,0.00 in,4.0,420.9 w/m²,031024,2024-10-03
15:09:00,58.0 °F,45.3 °F,63 %,NE,7.9 mph,10.5 mph,29.90 in,0.00 in,0.00 in,4.0,424.2 w/m²,031024,2024-10-03
15:14:00,56.9 °F,45.2 °F,65 %,NE,6.4 mph,8.6 mph,29.91 in,0.00 in,0.00 in,3.0,386.3 w/m²,031024,2024-10-03
15:19:00,56.9 °F,44.8 °F,64 %,NE,6.1 mph,8.1 mph,29.91 in,0.00 in,0.00 in,3.0,386.6 w/m²,031024,2024-10-03
15:24:00,57.0 °F,44.8 °F,64 %,NE,4.4 mph,6.4 mph,29.91 in,0.00 in,0.00 in,2.0,286.4 w/m²,031024,2024-10-03
15:29:00,56.6 °F,44.6 °F,64 %,NNE,6.3 mph,8.4 mph,29.91 in,0.00 in,0.00 in,3.0,378.7 w/m²,031024,2024-10-03
15:34:00,56.3 °F,44.5 °F,64 %,NE,3.9 mph,5.5 mph,29.92 in,0.00 in,0.00 in,2.0,299.2 w/m²,031024,2024-10-03
15:39:00,56.2 °F,44.1 °F,64 %,NE,4.5 mph,6.3 mph,29.91 in,0.00 in,0.00 in,2.0,302.5 w/m²,031024,2024-10-03
15:44:00,57.4 °F,44.9 °F,63 %,ENE,4.2 mph,5.9 mph,29.91 in,0.00 in,0.00 in,2.0,302 w/m²,031024,2024-10-03
15:49:00,58.2 °F,45.1 °F,62 %,ENE,4.4 mph,6.2 mph,29.91 in,0.00 in,0.00 in,3.0,318.6 w/m²,031024,2024-10-03
15:54:00,58.8 °F,45.4 °F,61 %,East,4.5 mph,6.1 mph,29.90 in,0.00 in,0.00 in,3.0,320.8 w/m²,031024,2024-10-03
15:59:00,58.4 °F,44.9 °F,61 %,ENE,5.5 mph,7.8 mph,29.90 in,0.00 in,0.00 in,2.0,286 w/m²,031024,2024-10-03
16:04:00,58.0 °F,45.7 °F,63 %,NE,5.3 mph,7.0 mph,29.90 in,0.00 in,0.00 in,2.0,290.7 w/m²,031024,2024-10-03
16:09:00,57.5 °F,46.0 °F,66 %,NNE,5.3 mph,6.6 mph,29.91 in,0.00 in,0.00 in,2.0,291 w/m²,031024,2024-10-03
16:14:00,56.7 °F,45.9 °F,67 %,NE,5.0 mph,6.9 mph,29.90 in,0.00 in,0.00 in,1.0,114.8 w/m²,031024,2024-10-03
16:19:00,56.2 °F,45.3 °F,67 %,NNE,5.7 mph,7.1 mph,29.90 in,0.00 in,0.00 in,1.0,124.8 w/m²,031024,2024-10-03
16:24:00,55.7 °F,44.8 °F,67 %,NNE,5.4 mph,6.7 mph,29.90 in,0.00 in,0.00 in,1.0,198.6 w/m²,031024,2024-10-03
16:29:00,56.3 °F,45.1 °F,66 %,NNE,5.8 mph,7.8 mph,29.91 in,0.00 in,0.00 in,2.0,216.9 w/m²,031024,2024-10-03
16:34:00,56.5 °F,45.1 °F,66 %,NNE,4.5 mph,6.1 mph,29.90 in,0.00 in,0.00 in,1.0,192.2 w/m²,031024,2024-10-03
16:39:00,57.7 °F,46.0 °F,65 %,ENE,3.0 mph,4.1 mph,29.91 in,0.00 in,0.00 in,1.0,196.1 w/m²,031024,2024-10-03
16:44:00,57.8 °F,45.4 °F,63 %,NE,5.4 mph,7.1 mph,29.91 in,0.00 in,0.00 in,1.0,189.2 w/m²,031024,2024-10-03
16:49:00,57.2 °F,45.4 °F,65 %,NE,4.0 mph,5.5 mph,29.90 in,0.00 in,0.00 in,1.0,152 w/m²,031024,2024-10-03
16:54:00,57.2 °F,45.2 °F,64 %,NE,4.8 mph,6.8 mph,29.91 in,0.00 in,0.00 in,1.0,164.7 w/m²,031024,2024-10-03
16:59:00,57.7 °F,45.5 °F,64 %,NE,5.6 mph,7.8 mph,29.91 in,0.00 in,0.00 in,1.0,147 w/m²,031024,2024-10-03
17:04:00,57.3 °F,45.5 °F,65 %,NNE,5.9 mph,7.7 mph,29.90 in,0.00 in,0.00 in,1.0,123.7 w/m²,031024,2024-10-03
17:09:00,56.3 °F,45.3 °F,67 %,NNE,5.2 mph,6.9 mph,29.91 in,0.00 in,0.00 in,1.0,119.2 w/m²,031024,2024-10-03
17:14:00,56.5 °F,46.0 °F,68 %,NE,4.0 mph,5.8 mph,29.91 in,0.00 in,0.00 in,1.0,107.6 w/m²,031024,2024-10-03
17:19:00,56.4 °F,45.9 °F,68 %,NE,3.5 mph,4.9 mph,29.91 in,0.00 in,0.00 in,0.0,88.8 w/m²,031024,2024-10-03
17:24:00,56.6 °F,45.6 °F,67 %,NE,3.7 mph,4.8 mph,29.91 in,0.00 in,0.00 in,0.0,67.6 w/m²,031024,2024-10-03
17:29:00,56.7 °F,45.3 °F,65 %,NE,4.0 mph,5.5 mph,29.91 in,0.00 in,0.00 in,0.0,63.4 w/m²,031024,2024-10-03
17:34:00,56.6 °F,45.8 °F,67 %,NE,3.6 mph,4.9 mph,29.91 in,0.00 in,0.00 in,0.0,59.7 w/m²,031024,2024-10-03
17:39:00,56.2 °F,45.6 °F,68 %,NE,3.7 mph,5.0 mph,29.91 in,0.00 in,0.00 in,0.0,62 w/m²,031024,2024-10-03
17:44:00,56.3 °F,45.8 °F,68 %,NE,3.8 mph,5.2 mph,29.91 in,0.00 in,0.00 in,0.0,59.3 w/m²,031024,2024-10-03
17:49:00,55.9 °F,45.8 °F,69 %,NNE,4.6 mph,6.0 mph,29.91 in,0.00 in,0.00 in,0.0,53.2 w/m²,031024,2024-10-03
17:54:00,55.0 °F,45.8 °F,71 %,NNE,3.3 mph,4.0 mph,29.91 in,0.00 in,0.00 in,0.0,48.3 w/m²,031024,2024-10-03
17:59:00,55.2 °F,45.7 °F,70 %,NNE,3.8 mph,4.9 mph,29.91 in,0.00 in,0.00 in,0.0,47.8 w/m²,031024,2024-10-03
18:04:00,55.8 °F,46.0 °F,70 %,NNE,3.1 mph,4.1 mph,29.91 in,0.00 in,0.00 in,0.0,47.7 w/m²,031024,2024-10-03
18:09:00,55.8 °F,46.2 °F,70 %,NNE,2.5 mph,3.6 mph,29.91 in,0.00 in,0.00 in,0.0,46.7 w/m²,031024,2024-10-03
18:14:00,55.7 °F,45.6 °F,69 %,NE,4.3 mph,5.6 mph,29.91 in,0.00 in,0.00 in,0.0,44.6 w/m²,031024,2024-10-03
18:19:00,55.9 °F,44.8 °F,66 %,NE,4.8 mph,6.4 mph,29.91 in,0.00 in,0.00 in,0.0,37.3 w/m²,031024,2024-10-03
18:24:00,55.4 °F,45.3 °F,69 %,NNE,3.4 mph,4.3 mph,29.91 in,0.00 in,0.00 in,0.0,32.8 w/m²,031024,2024-10-03
18:29:00,55.1 °F,45.2 °F,69 %,NE,2.6 mph,3.6 mph,29.91 in,0.00 in,0.00 in,0.0,30.1 w/m²,031024,2024-10-03
18:34:00,55.0 °F,45.1 °F,69 %,NNE,2.7 mph,3.7 mph,29.91 in,0.00 in,0.00 in,0.0,27.9 w/m²,031024,2024-10-03
18:39:00,54.9 °F,45.0 °F,69 %,NNE,2.9 mph,3.9 mph,29.91 in,0.00 in,0.00 in,0.0,25.8 w/m²,031024,2024-10-03
18:44:00,54.7 °F,45.1 °F,70 %,NNE,2.5 mph,3.4 mph,29.91 in,0.00 in,0.00 in,0.0,22.2 w/m²,031024,2024-10-03
18:49:00,54.3 °F,44.9 °F,70 %,NNE,2.4 mph,3.2 mph,29.92 in,0.00 in,0.00 in,0.0,19.5 w/m²,031024,2024-10-03
18:54:00,54.1 °F,44.7 °F,70 %,NNE,2.2 mph,2.9 mph,29.92 in,0.00 in,0.00 in,0.0,17.2 w/m²,031024,2024-10-03
18:59:00,53.6 °F,44.6 °F,72 %,NNE,1.5 mph,2.1 mph,29.92 in,0.00 in,0.00 in,0.0,14.4 w/m²,031024,2024-10-03
19:04:00,53.1 °F,44.5 °F,73 %,,1.0 mph,1.4 mph,29.92 in,0.00 in,0.00 in,0.0,11.9 w/m²,031024,2024-10-03
19:09:00,52.7 °F,44.4 °F,73 %,NNW,1.0 mph,1.4 mph,29.92 in,0.00 in,0.00 in,0.0,9.5 w/m²,031024,2024-10-03
19:14:00,52.5 °F,44.6 °F,74 %,NNW,0.7 mph,0.9 mph,29.92 in,0.00 in,0.00 in,0.0,7.3 w/m²,031024,2024-10-03
19:19:00,52.3 °F,44.4 °F,74 %,NNW,0.2 mph,0.8 mph,29.93 in,0.00 in,0.00 in,0.0,5 w/m²,031024,2024-10-03
19:24:00,52.2 °F,44.4 °F,75 %,NNW,0.2 mph,0.8 mph,29.93 in,0.00 in,0.00 in,0.0,3.2 w/m²,031024,2024-10-03
19:29:00,52.0 °F,44.2 °F,75 %,NNW,0.6 mph,1.1 mph,29.92 in,0.00 in,0.00 in,0.0,1.9 w/m²,031024,2024-10-03
19:34:00,51.7 °F,44.3 °F,76 %,NNW,0.5 mph,1.1 mph,29.92 in,0.00 in,0.00 in,0.0,1 w/m²,031024,2024-10-03
19:39:00,51.5 °F,44.1 °F,76 %,NNW,0.3 mph,0.9 mph,29.93 in,0.00 in,0.00 in,0.0,0.5 w/m²,031024,2024-10-03
19:44:00,51.5 °F,44.1 °F,76 %,NNW,0.8 mph,1.1 mph,29.93 in,0.00 in,0.00 in,0.0,0.2 w/m²,031024,2024-10-03
19:49:00,51.6 °F,44.2 °F,76 %,NNW,0.6 mph,1.1 mph,29.93 in,0.00 in,0.00 in,0.0,0.1 w/m²,031024,2024-10-03
19:54:00,51.4 °F,44.1 °F,76 %,NNW,1.0 mph,1.1 mph,29.93 in,0.00 in,0.00 in,0.0,0 w/m²,031024,2024-10-03
19:59:00,51.4 °F,44.0 °F,76 %,NNW,1.0 mph,1.1 mph,29.93 in,0.00 in,0.00 in,0.0,0 w/m²,031024,2024-10-03
20:04:00,51.0 °F,43.9 °F,77 %,NNW,0.6 mph,1.1 mph,29.93 in,0.00 in,0.00 in,0.0,0 w/m²,031024,2024-10-03
20:09:00,50.6 °F,43.9 °F,78 %,NNW,0.3 mph,0.7 mph,29.94 in,0.00 in,0.00 in,0.0,0 w/m²,031024,2024-10-03
20:14:00,50.3 °F,43.8 °F,79 %,NNW,0.8 mph,1.1 mph,29.94 in,0.00 in,0.00 in,0.0,0 w/m²,031024,2024-10-03
20:19:00,50.3 °F,44.0 °F,79 %,NNW,1.0 mph,1.1 mph,29.94 in,0.00 in,0.00 in,0.0,0 w/m²,031024,2024-10-03
20:24:00,50.2 °F,43.9 °F,79 %,NNW,1.0 mph,1.1 mph,29.93 in,0.00 in,0.00 in,0.0,0 w/m²,031024,2024-10-03
20:29:00,49.9 °F,43.6 °F,79 %,NNW,1.0 mph,1.1 mph,29.94 in,0.00 in,0.00 in,0.0,0 w/m²,031024,2024-10-03
20:34:00,49.8 °F,43.8 °F,80 %,NNW,0.8 mph,1.1 mph,29.94 in,0.00 in,0.00 in,0.0,0 w/m²,031024,2024-10-03
20:39:00,49.4 °F,43.3 °F,80 %,NNW,0.1 mph,0.1 mph,29.94 in,0.00 in,0.00 in,0.0,0 w/m²,031024,2024-10-03
20:44:00,49.1 °F,43.4 °F,81 %,NNW,0.0 mph,0.0 mph,29.94 in,0.00 in,0.00 in,0.0,0 w/m²,031024,2024-10-03
20:49:00,48.9 °F,43.4 °F,81 %,NNW,0.0 mph,0.0 mph,29.94 in,0.00 in,0.00 in,0.0,0 w/m²,031024,2024-10-03
20:54:00,48.8 °F,43.6 °F,82 %,NNW,0.1 mph,0.2 mph,29.94 in,0.00 in,0.00 in,0.0,0 w/m²,031024,2024-10-03
20:59:00,48.8 °F,43.5 °F,82 %,NNW,0.0 mph,0.0 mph,29.94 in,0.00 in,0.00 in,0.0,0 w/m²,031024,2024-10-03
21:04:00,48.0 °F,42.9 °F,82 %,NNW,0.0 mph,0.0 mph,29.93 in,0.00 in,0.00 in,0.0,0 w/m²,031024,2024-10-03
21:09:00,47.3 °F,42.5 °F,83 %,NNW,0.0 mph,0.0 mph,29.94 in,0.00 in,0.00 in,0.0,0 w/m²,031024,2024-10-03
21:14:00,46.6 °F,42.4 °F,85 %,WNW,0.0 mph,0.0 mph,29.94 in,0.00 in,0.00 in,0.0,0 w/m²,031024,2024-10-03
21:19:00,46.3 °F,42.3 °F,86 %,WNW,0.0 mph,0.0 mph,29.94 in,0.00 in,0.00 in,0.0,0 w/m²,031024,2024-10-03
21:24:00,45.4 °F,41.7 °F,87 %,WNW,0.0 mph,0.0 mph,29.94 in,0.00 in,0.00 in,0.0,0 w/m²,031024,2024-10-03
21:29:00,45.4 °F,41.9 °F,87 %,WNW,0.0 mph,0.0 mph,29.94 in,0.00 in,0.00 in,0.0,0 w/m²,031024,2024-10-03
21:34:00,44.8 °F,41.4 °F,88 %,WNW,0.0 mph,0.0 mph,29.94 in,0.00 in,0.00 in,0.0,0 w/m²,031024,2024-10-03
21:39:00,44.3 °F,41.1 °F,89 %,WNW,0.0 mph,0.0 mph,29.94 in,0.00 in,0.00 in,0.0,0 w/m²,031024,2024-10-03
21:44:00,44.2 °F,41.3 °F,89 %,WNW,0.0 mph,0.0 mph,29.94 in,0.00 in,0.00 in,0.0,0 w/m²,031024,2024-10-03
21:49:00,44.5 °F,41.8 °F,90 %,WNW,0.0 mph,0.0 mph,29.95 in,0.00 in,0.00 in,0.0,0 w/m²,031024,2024-10-03
21:54:00,44.7 °F,42.0 °F,90 %,WNW,0.0 mph,0.0 mph,29.95 in,0.00 in,0.00 in,0.0,0 w/m²,031024,2024-10-03
21:59:00,44.4 °F,41.7 °F,90 %,WNW,0.0 mph,0.0 mph,29.95 in,0.00 in,0.00 in,0.0,0 w/m²,031024,2024-10-03
22:04:00,44.1 °F,41.4 °F,90 %,WNW,0.0 mph,0.0 mph,29.94 in,0.00 in,0.00 in,0.0,0 w/m²,031024,2024-10-03
22:09:00,43.7 °F,41.4 °F,91 %,WNW,0.0 mph,0.0 mph,29.94 in,0.00 in,0.00 in,0.0,0 w/m²,031024,2024-10-03
22:14:00,43.9 °F,41.6 °F,91 %,WNW,0.0 mph,0.0 mph,29.94 in,0.00 in,0.00 in,0.0,0 w/m²,031024,2024-10-03
22:19:00,43.4 °F,41.1 °F,91 %,WNW,0.0 mph,0.0 mph,29.95 in,0.00 in,0.00 in,0.0,0 w/m²,031024,2024-10-03
22:24:00,43.1 °F,40.9 °F,92 %,WNW,0.0 mph,0.0 mph,29.95 in,0.00 in,0.00 in,0.0,0 w/m²,031024,2024-10-03
22:29:00,42.5 °F,40.4 °F,92 %,WNW,0.0 mph,0.0 mph,29.95 in,0.00 in,0.00 in,0.0,0 w/m²,031024,2024-10-03
22:34:00,42.9 °F,40.7 °F,92 %,WNW,0.0 mph,0.0 mph,29.95 in,0.00 in,0.00 in,0.0,0 w/m²,031024,2024-10-03
22:39:00,42.3 °F,40.2 °F,92 %,WNW,0.0 mph,0.0 mph,29.95 in,0.00 in,0.00 in,0.0,0 w/m²,031024,2024-10-03
22:44:00,42.0 °F,40.0 °F,93 %,WNW,0.0 mph,0.0 mph,29.95 in,0.00 in,0.00 in,0.0,0 w/m²,031024,2024-10-03
22:49:00,42.5 °F,40.5 °F,93 %,WNW,0.0 mph,0.0 mph,29.95 in,0.00 in,0.00 in,0.0,0 w/m²,031024,2024-10-03
22:54:00,42.4 °F,40.5 °F,93 %,WNW,0.0 mph,0.0 mph,29.95 in,0.00 in,0.00 in,0.0,0 w/m²,031024,2024-10-03
22:59:00,42.4 °F,40.5 °F,94 %,WNW,0.0 mph,0.0 mph,29.95 in,0.00 in,0.00 in,0.0,0 w/m²,031024,2024-10-03
23:04:00,42.6 °F,40.8 °F,94 %,WNW,0.0 mph,0.0 mph,29.95 in,0.00 in,0.00 in,0.0,0 w/m²,031024,2024-10-03
23:09:00,42.1 °F,40.2 °F,94 %,WNW,0.0 mph,0.0 mph,29.95 in,0.00 in,0.00 in,0.0,0 w/m²,031024,2024-10-03
23:14:00,41.4 °F,39.6 °F,94 %,WNW,0.0 mph,0.0 mph,29.96 in,0.00 in,0.00 in,0.0,0 w/m²,031024,2024-10-03
23:19:00,41.3 °F,39.5 °F,94 %,WNW,0.0 mph,0.0 mph,29.95 in,0.00 in,0.00 in,0.0,0 w/m²,031024,2024-10-03
23:24:00,41.3 °F,39.5 °F,94 %,WNW,0.0 mph,0.0 mph,29.95 in,0.00 in,0.00 in,0.0,0 w/m²,031024,2024-10-03
23:29:00,41.2 °F,39.6 °F,95 %,WNW,0.0 mph,0.0 mph,29.96 in,0.00 in,0.00 in,0.0,0 w/m²,031024,2024-10-03
23:34:00,41.8 °F,40.3 °F,95 %,WNW,0.0 mph,0.0 mph,29.96 in,0.00 in,0.00 in,0.0,0 w/m²,031024,2024-10-03
23:39:00,41.7 °F,40.3 °F,95 %,WNW,0.0 mph,0.0 mph,29.95 in,0.00 in,0.00 in,0.0,0 w/m²,031024,2024-10-03
23:44:00,41.5 °F,40.1 °F,95 %,WNW,0.0 mph,0.0 mph,29.95 in,0.00 in,0.00 in,0.0,0 w/m²,031024,2024-10-03
23:49:00,41.5 °F,40.1 °F,95 %,WNW,0.0 mph,0.0 mph,29.95 in,0.00 in,0.00 in,0.0,0 w/m²,031024,2024-10-03
23:54:00,41.4 °F,40.0 °F,95 %,WNW,0.0 mph,0.0 mph,29.95 in,0.00 in,0.00 in,0.0,0 w/m²,031024,2024-10-03
23:59:00,41.3 °F,39.8 °F,95 %,WNW,0.0 mph,0.0 mph,29.95 in,0.00 in,0.00 in,0.0,0 w/m²,031024,2024-10-03
00:04:00,41.0 °F,39.6 °F,95 %,WNW,0.0 mph,0.0 mph,29.95 in,0.00 in,0.00 in,0.0,0 w/m²,041024,2024-10-04
00:09:00,40.9 °F,39.5 °F,95 %,WNW,0.0 mph,0.0 mph,29.96 in,0.00 in,0.00 in,0.0,0 w/m²,041024,2024-10-04
00:14:00,41.3 °F,39.8 °F,95 %,WNW,0.0 mph,0.0 mph,29.96 in,0.00 in,0.00 in,0.0,0 w/m²,041024,2024-10-04
00:19:00,41.3 °F,39.8 °F,95 %,WNW,0.0 mph,0.0 mph,29.96 in,0.00 in,0.00 in,0.0,0 w/m²,041024,2024-10-04
00:24:00,41.2 °F,39.7 °F,95 %,WNW,0.0 mph,0.0 mph,29.96 in,0.00 in,0.00 in,0.0,0 w/m²,041024,2024-10-04
00:29:00,41.3 °F,40.0 °F,95 %,WNW,0.0 mph,0.0 mph,29.96 in,0.00 in,0.00 in,0.0,0 w/m²,041024,2024-10-04
00:34:00,41.2 °F,39.7 °F,95 %,WNW,0.0 mph,0.0 mph,29.96 in,0.00 in,0.00 in,0.0,0 w/m²,041024,2024-10-04
00:39:00,40.5 °F,39.1 °F,95 %,WNW,0.0 mph,0.0 mph,29.96 in,0.00 in,0.00 in,0.0,0 w/m²,041024,2024-10-04
00:44:00,40.0 °F,38.9 °F,96 %,WNW,0.0 mph,0.0 mph,29.95 in,0.00 in,0.00 in,0.0,0 w/m²,041024,2024-10-04
00:49:00,40.4 °F,39.5 °F,96 %,WNW,0.0 mph,0.0 mph,29.96 in,0.00 in,0.00 in,0.0,0 w/m²,041024,2024-10-04
00:54:00,40.5 °F,39.6 °F,96 %,WNW,0.0 mph,0.0 mph,29.95 in,0.00 in,0.00 in,0.0,0 w/m²,041024,2024-10-04
00:59:00,40.5 °F,39.6 °F,96 %,WNW,0.0 mph,0.0 mph,29.95 in,0.00 in,0.00 in,0.0,0 w/m²,041024,2024-10-04
01:04:00,40.4 °F,39.5 °F,96 %,WNW,0.0 mph,0.0 mph,29.95 in,0.00 in,0.00 in,0.0,0 w/m²,041024,2024-10-04
01:09:00,40.1 °F,39.2 °F,96 %,WNW,0.0 mph,0.0 mph,29.95 in,0.00 in,0.00 in,0.0,0 w/m²,041024,2024-10-04
01:14:00,39.8 °F,38.9 °F,96 %,WNW,0.0 mph,0.0 mph,29.95 in,0.00 in,0.00 in,0.0,0 w/m²,041024,2024-10-04
01:19:00,40.4 °F,39.5 °F,96 %,WNW,0.0 mph,0.0 mph,29.95 in,0.00 in,0.00 in,0.0,0 w/m²,041024,2024-10-04
01:24:00,40.3 °F,39.4 °F,96 %,WNW,0.0 mph,0.0 mph,29.95 in,0.00 in,0.00 in,0.0,0 w/m²,041024,2024-10-04
01:29:00,39.9 °F,39.0 °F,96 %,WNW,0.0 mph,0.0 mph,29.96 in,0.00 in,0.00 in,0.0,0 w/m²,041024,2024-10-04
01:34:00,39.6 °F,38.7 °F,96 %,WNW,0.0 mph,0.0 mph,29.96 in,0.00 in,0.00 in,0.0,0 w/m²,041024,2024-10-04
01:39:00,39.4 °F,38.5 °F,96 %,WNW,0.0 mph,0.0 mph,29.95 in,0.00 in,0.00 in,0.0,0 w/m²,041024,2024-10-04
01:44:00,39.8 °F,39.0 °F,97 %,WNW,0.0 mph,0.0 mph,29.95 in,0.00 in,0.00 in,0.0,0 w/m²,041024,2024-10-04
01:49:00,40.2 °F,39.3 °F,96 %,WNW,0.0 mph,0.0 mph,29.95 in,0.00 in,0.00 in,0.0,0 w/m²,041024,2024-10-04
01:54:00,40.1 °F,39.2 °F,96 %,WNW,0.0 mph,0.0 mph,29.95 in,0.00 in,0.00 in,0.0,0 w/m²,041024,2024-10-04
01:59:00,40.0 °F,39.1 °F,96 %,WNW,0.0 mph,0.0 mph,29.94 in,0.00 in,0.00 in,0.0,0 w/m²,041024,2024-10-04
02:04:00,40.1 °F,39.2 °F,96 %,WNW,0.0 mph,0.0 mph,29.95 in,0.00 in,0.00 in,0.0,0 w/m²,041024,2024-10-04
02:09:00,40.3 °F,39.4 °F,96 %,WNW,0.0 mph,0.0 mph,29.95 in,0.00 in,0.00 in,0.0,0 w/m²,041024,2024-10-04
02:14:00,40.3 °F,39.6 °F,97 %,WNW,0.0 mph,0.0 mph,29.94 in,0.00 in,0.00 in,0.0,0 w/m²,041024,2024-10-04
02:19:00,40.4 °F,39.7 °F,97 %,WNW,0.0 mph,0.0 mph,29.95 in,0.00 in,0.00 in,0.0,0 w/m²,041024,2024-10-04
02:24:00,40.6 °F,39.9 °F,97 %,WNW,0.0 mph,0.0 mph,29.94 in,0.00 in,0.00 in,0.0,0 w/m²,041024,2024-10-04
02:29:00,40.8 °F,40.0 °F,97 %,WNW,0.0 mph,0.0 mph,29.94 in,0.00 in,0.00 in,0.0,0 w/m²,041024,2024-10-04
02:34:00,40.2 °F,39.3 °F,96 %,WNW,0.0 mph,0.0 mph,29.95 in,0.00 in,0.00 in,0.0,0 w/m²,041024,2024-10-04
02:39:00,39.4 °F,38.5 °F,96 %,WNW,0.0 mph,0.0 mph,29.94 in,0.00 in,0.00 in,0.0,0 w/m²,041024,2024-10-04
02:44:00,38.9 °F,38.0 °F,96 %,WNW,0.0 mph,0.0 mph,29.94 in,0.00 in,0.00 in,0.0,0 w/m²,041024,2024-10-04
02:49:00,38.6 °F,37.7 °F,96 %,WNW,0.0 mph,0.0 mph,29.95 in,0.00 in,0.00 in,0.0,0 w/m²,041024,2024-10-04
02:54:00,38.2 °F,37.5 °F,97 %,WNW,0.0 mph,0.0 mph,29.94 in,0.00 in,0.00 in,0.0,0 w/m²,041024,2024-10-04
02:59:00,38.7 °F,38.0 °F,97 %,WNW,0.0 mph,0.0 mph,29.94 in,0.00 in,0.00 in,0.0,0 w/m²,041024,2024-10-04
03:04:00,38.8 °F,38.1 °F,97 %,WNW,0.0 mph,0.0 mph,29.94 in,0.00 in,0.00 in,0.0,0 w/m²,041024,2024-10-04
03:09:00,39.4 °F,38.7 °F,97 %,WNW,0.0 mph,0.0 mph,29.94 in,0.00 in,0.00 in,0.0,0 w/m²,041024,2024-10-04
03:14:00,39.3 °F,38.6 °F,97 %,WNW,0.0 mph,0.0 mph,29.94 in,0.00 in,0.00 in,0.0,0 w/m²,041024,2024-10-04
03:19:00,38.7 °F,37.9 °F,97 %,WNW,0.0 mph,0.0 mph,29.94 in,0.00 in,0.00 in,0.0,0 w/m²,041024,2024-10-04
03:24:00,38.7 °F,38.0 °F,97 %,WNW,0.0 mph,0.0 mph,29.94 in,0.00 in,0.00 in,0.0,0 w/m²,041024,2024-10-04
03:29:00,39.3 °F,38.6 °F,97 %,WNW,0.0 mph,0.0 mph,29.94 in,0.00 in,0.00 in,0.0,0 w/m²,041024,2024-10-04
03:34:00,39.1 °F,38.4 °F,97 %,WNW,0.0 mph,0.0 mph,29.94 in,0.00 in,0.00 in,0.0,0 w/m²,041024,2024-10-04
03:39:00,39.0 °F,38.2 °F,97 %,WNW,0.0 mph,0.0 mph,29.94 in,0.00 in,0.00 in,0.0,0 w/m²,041024,2024-10-04
03:44:00,38.7 °F,38.0 °F,97 %,WNW,0.0 mph,0.0 mph,29.94 in,0.00 in,0.00 in,0.0,0 w/m²,041024,2024-10-04
03:49:00,39.4 °F,38.6 °F,97 %,WNW,0.0 mph,0.0 mph,29.94 in,0.00 in,0.00 in,0.0,0 w/m²,041024,2024-10-04
03:54:00,39.5 °F,38.8 °F,97 %,WNW,0.0 mph,0.0 mph,29.94 in,0.00 in,0.00 in,0.0,0 w/m²,041024,2024-10-04
03:59:00,38.9 °F,38.2 °F,97 %,WNW,0.0 mph,0.0 mph,29.94 in,0.00 in,0.00 in,0.0,0 w/m²,041024,2024-10-04
04:04:00,38.9 °F,38.2 °F,97 %,WNW,0.0 mph,0.0 mph,29.94 in,0.00 in,0.00 in,0.0,0 w/m²,041024,2024-10-04
04:09:00,39.3 °F,38.6 °F,97 %,WNW,0.0 mph,0.0 mph,29.94 in,0.00 in,0.00 in,0.0,0 w/m²,041024,2024-10-04
04:14:00,39.3 °F,38.6 °F,97 %,WNW,0.0 mph,0.0 mph,29.94 in,0.00 in,0.00 in,0.0,0 w/m²,041024,2024-10-04
04:19:00,38.8 °F,38.0 °F,97 %,WNW,0.0 mph,0.0 mph,29.94 in,0.00 in,0.00 in,0.0,0 w/m²,041024,2024-10-04
04:24:00,38.6 °F,37.9 °F,97 %,WNW,0.0 mph,0.0 mph,29.94 in,0.00 in,0.00 in,0.0,0 w/m²,041024,2024-10-04
04:29:00,38.2 °F,37.5 °F,97 %,WNW,0.0 mph,0.0 mph,29.94 in,0.00 in,0.00 in,0.0,0 w/m²,041024,2024-10-04
04:34:00,37.9 °F,37.1 °F,97 %,WNW,0.0 mph,0.0 mph,29.94 in,0.00 in,0.00 in,0.0,0 w/m²,041024,2024-10-04
04:39:00,38.0 °F,37.3 °F,97 %,WNW,0.0 mph,0.0 mph,29.94 in,0.00 in,0.00 in,0.0,0 w/m²,041024,2024-10-04
04:44:00,38.8 °F,38.2 °F,98 %,WNW,0.0 mph,0.0 mph,29.94 in,0.00 in,0.00 in,0.0,0 w/m²,041024,2024-10-04
04:49:00,38.7 °F,38.0 °F,97 %,WNW,0.0 mph,0.0 mph,29.94 in,0.00 in,0.00 in,0.0,0 w/m²,041024,2024-10-04
04:54:00,38.6 °F,37.8 °F,97 %,WNW,0.0 mph,0.0 mph,29.94 in,0.00 in,0.00 in,0.0,0 w/m²,041024,2024-10-04
04:59:00,38.4 °F,37.7 °F,97 %,WNW,0.0 mph,0.0 mph,29.94 in,0.00 in,0.00 in,0.0,0 w/m²,041024,2024-10-04
05:04:00,38.4 °F,37.7 °F,97 %,WNW,0.0 mph,0.0 mph,29.94 in,0.00 in,0.00 in,0.0,0 w/m²,041024,2024-10-04
05:09:00,38.8 °F,38.1 °F,97 %,WNW,0.0 mph,0.0 mph,29.94 in,0.00 in,0.00 in,0.0,0 w/m²,041024,2024-10-04
05:14:00,38.6 °F,37.8 °F,97 %,WNW,0.0 mph,0.0 mph,29.94 in,0.00 in,0.00 in,0.0,0 w/m²,041024,2024-10-04
05:19:00,37.9 °F,37.2 °F,97 %,WNW,0.0 mph,0.0 mph,29.94 in,0.00 in,0.00 in,0.0,0 w/m²,041024,2024-10-04
05:24:00,37.7 °F,37.0 °F,97 %,WNW,0.0 mph,0.0 mph,29.94 in,0.00 in,0.00 in,0.0,0 w/m²,041024,2024-10-04
05:29:00,38.0 °F,37.5 °F,98 %,WNW,0.0 mph,0.0 mph,29.94 in,0.00 in,0.00 in,0.0,0 w/m²,041024,2024-10-04
05:34:00,38.3 °F,37.8 °F,98 %,WNW,0.0 mph,0.0 mph,29.94 in,0.00 in,0.00 in,0.0,0 w/m²,041024,2024-10-04
05:39:00,38.2 °F,37.6 °F,98 %,WNW,0.0 mph,0.0 mph,29.94 in,0.00 in,0.00 in,0.0,0 w/m²,041024,2024-10-04
05:44:00,37.8 °F,37.1 °F,98 %,WNW,0.0 mph,0.0 mph,29.94 in,0.00 in,0.00 in,0.0,0 w/m²,041024,2024-10-04
05:49:00,37.8 °F,37.3 °F,98 %,WNW,0.0 mph,0.0 mph,29.94 in,0.00 in,0.00 in,0.0,0 w/m²,041024,2024-10-04
05:54:00,37.7 °F,37.0 °F,97 %,WNW,0.0 mph,0.0 mph,29.95 in,0.00 in,0.00 in,0.0,0 w/m²,041024,2024-10-04
05:59:00,37.4 °F,36.8 °F,98 %,WNW,0.0 mph,0.0 mph,29.94 in,0.00 in,0.00 in,0.0,0 w/m²,041024,2024-10-04
06:04:00,37.9 °F,37.3 °F,98 %,WNW,0.0 mph,0.0 mph,29.94 in,0.00 in,0.00 in,0.0,0 w/m²,041024,2024-10-04
06:09:00,37.8 °F,37.2 °F,98 %,WNW,0.0 mph,0.0 mph,29.94 in,0.00 in,0.00 in,0.0,0 w/m²,041024,2024-10-04
06:14:00,37.6 °F,37.0 °F,98 %,WNW,0.0 mph,0.0 mph,29.95 in,0.00 in,0.00 in,0.0,0 w/m²,041024,2024-10-04
06:19:00,37.6 °F,37.0 °F,98 %,WNW,0.0 mph,0.0 mph,29.94 in,0.00 in,0.00 in,0.0,0 w/m²,041024,2024-10-04
06:24:00,38.0 °F,37.4 °F,98 %,WNW,0.4 mph,0.6 mph,29.94 in,0.00 in,0.00 in,0.0,0 w/m²,041024,2024-10-04
06:29:00,38.9 °F,38.4 °F,98 %,WNW,0.1 mph,0.5 mph,29.94 in,0.00 in,0.00 in,0.0,0 w/m²,041024,2024-10-04
06:34:00,38.8 °F,38.2 °F,98 %,WNW,0.0 mph,0.0 mph,29.94 in,0.00 in,0.00 in,0.0,0 w/m²,041024,2024-10-04
06:39:00,38.8 °F,38.3 °F,98 %,WNW,0.0 mph,0.0 mph,29.94 in,0.00 in,0.00 in,0.0,0 w/m²,041024,2024-10-04
06:44:00,38.8 °F,38.3 °F,98 %,WNW,0.0 mph,0.0 mph,29.94 in,0.00 in,0.00 in,0.0,0 w/m²,041024,2024-10-04
06:49:00,38.4 °F,37.9 °F,98 %,WNW,0.0 mph,0.0 mph,29.94 in,0.00 in,0.00 in,0.0,0 w/m²,041024,2024-10-04
06:54:00,38.1 °F,37.6 °F,98 %,WNW,0.0 mph,0.0 mph,29.94 in,0.00 in,0.00 in,0.0,0 w/m²,041024,2024-10-04
06:59:00,38.4 °F,37.9 °F,98 %,WNW,0.0 mph,0.0 mph,29.94 in,0.00 in,0.00 in,0.0,0 w/m²,041024,2024-10-04
07:04:00,38.8 °F,38.3 °F,98 %,WNW,0.0 mph,0.0 mph,29.95 in,0.00 in,0.00 in,0.0,0 w/m²,041024,2024-10-04
07:09:00,38.7 °F,38.1 °F,98 %,WNW,0.0 mph,0.0 mph,29.95 in,0.00 in,0.00 in,0.0,0 w/m²,041024,2024-10-04
07:14:00,38.6 °F,38.0 °F,98 %,WNW,0.0 mph,0.0 mph,29.95 in,0.00 in,0.00 in,0.0,0 w/m²,041024,2024-10-04
07:19:00,38.4 °F,37.9 °F,98 %,WNW,0.0 mph,0.0 mph,29.95 in,0.00 in,0.00 in,0.0,0 w/m²,041024,2024-10-04
07:24:00,38.3 °F,37.7 °F,98 %,WNW,0.0 mph,0.0 mph,29.95 in,0.00 in,0.00 in,0.0,0 w/m²,041024,2024-10-04
07:29:00,37.8 °F,37.2 °F,98 %,WNW,0.0 mph,0.0 mph,29.94 in,0.00 in,0.00 in,0.0,0.1 w/m²,041024,2024-10-04
07:34:00,37.3 °F,36.8 °F,98 %,WNW,0.0 mph,0.0 mph,29.95 in,0.00 in,0.00 in,0.0,0.2 w/m²,041024,2024-10-04
07:39:00,37.0 °F,36.4 °F,98 %,WNW,0.0 mph,0.0 mph,29.96 in,0.00 in,0.00 in,0.0,0.5 w/m²,041024,2024-10-04
07:44:00,36.6 °F,36.0 °F,98 %,WNW,0.0 mph,0.0 mph,29.95 in,0.00 in,0.00 in,0.0,1.1 w/m²,041024,2024-10-04
07:49:00,36.5 °F,36.0 °F,98 %,WNW,0.0 mph,0.0 mph,29.95 in,0.00 in,0.00 in,0.0,1.9 w/m²,041024,2024-10-04
07:54:00,37.1 °F,36.5 °F,98 %,WNW,0.0 mph,0.0 mph,29.95 in,0.00 in,0.00 in,0.0,3.2 w/m²,041024,2024-10-04
07:59:00,37.9 °F,37.4 °F,98 %,WNW,0.0 mph,0.0 mph,29.95 in,0.00 in,0.00 in,0.0,4.9 w/m²,041024,2024-10-04
08:04:00,38.7 °F,38.2 °F,98 %,WNW,0.0 mph,0.0 mph,29.96 in,0.00 in,0.00 in,0.0,6.8 w/m²,041024,2024-10-04
08:09:00,38.5 °F,37.9 °F,98 %,WNW,0.0 mph,0.0 mph,29.96 in,0.00 in,0.00 in,0.0,8.9 w/m²,041024,2024-10-04
08:14:00,38.3 °F,37.8 °F,98 %,WNW,0.0 mph,0.0 mph,29.95 in,0.00 in,0.00 in,0.0,11.2 w/m²,041024,2024-10-04
08:19:00,38.9 °F,38.3 °F,98 %,WNW,0.0 mph,0.0 mph,29.96 in,0.00 in,0.00 in,0.0,13.6 w/m²,041024,2024-10-04
08:24:00,39.7 °F,39.1 °F,98 %,WNW,0.0 mph,0.0 mph,29.96 in,0.00 in,0.00 in,0.0,16.1 w/m²,041024,2024-10-04
08:29:00,39.9 °F,39.4 °F,98 %,WNW,0.0 mph,0.0 mph,29.96 in,0.00 in,0.00 in,0.0,18.2 w/m²,041024,2024-10-04
08:34:00,40.7 °F,40.1 °F,98 %,WNW,0.0 mph,0.0 mph,29.96 in,0.00 in,0.00 in,0.0,20 w/m²,041024,2024-10-04
08:39:00,41.4 °F,40.9 °F,98 %,WNW,0.0 mph,0.0 mph,29.96 in,0.00 in,0.00 in,0.0,22.5 w/m²,041024,2024-10-04
08:44:00,42.9 °F,42.3 °F,98 %,WNW,0.0 mph,0.0 mph,29.96 in,0.00 in,0.00 in,0.0,25.8 w/m²,041024,2024-10-04
08:49:00,43.9 °F,43.3 °F,98 %,WNW,0.0 mph,0.0 mph,29.96 in,0.00 in,0.00 in,0.0,28.8 w/m²,041024,2024-10-04
08:54:00,43.7 °F,43.2 °F,98 %,WNW,0.0 mph,0.0 mph,29.97 in,0.00 in,0.00 in,0.0,32 w/m²,041024,2024-10-04
08:59:00,44.3 °F,43.8 °F,98 %,WNW,0.0 mph,0.0 mph,29.97 in,0.00 in,0.00 in,0.0,35 w/m²,041024,2024-10-04
09:04:00,44.8 °F,44.2 °F,98 %,WNW,0.2 mph,0.3 mph,29.97 in,0.00 in,0.00 in,0.0,38.2 w/m²,041024,2024-10-04
09:09:00,44.5 °F,44.0 °F,98 %,WNW,0.1 mph,0.3 mph,29.96 in,0.00 in,0.00 in,0.0,41 w/m²,041024,2024-10-04
09:14:00,45.1 °F,44.6 °F,98 %,WNW,0.0 mph,0.0 mph,29.97 in,0.00 in,0.00 in,0.0,44 w/m²,041024,2024-10-04
09:19:00,45.8 °F,45.2 °F,98 %,WNW,0.0 mph,0.0 mph,29.96 in,0.00 in,0.00 in,0.0,47 w/m²,041024,2024-10-04
09:24:00,46.3 °F,45.8 °F,98 %,WNW,0.0 mph,0.0 mph,29.97 in,0.00 in,0.00 in,0.0,50.3 w/m²,041024,2024-10-04
09:29:00,47.1 °F,46.6 °F,98 %,WNW,0.0 mph,0.1 mph,29.97 in,0.00 in,0.00 in,0.0,55 w/m²,041024,2024-10-04
09:34:00,47.6 °F,47.0 °F,98 %,WNW,0.3 mph,0.6 mph,29.97 in,0.00 in,0.00 in,0.0,57.7 w/m²,041024,2024-10-04
09:39:00,48.1 °F,47.6 °F,98 %,NW,0.4 mph,0.6 mph,29.97 in,0.00 in,0.00 in,0.0,59.6 w/m²,041024,2024-10-04
09:44:00,48.8 °F,48.3 °F,98 %,NNW,0.4 mph,0.7 mph,29.97 in,0.00 in,0.00 in,0.0,63.1 w/m²,041024,2024-10-04
09:49:00,49.2 °F,48.5 °F,97 %,NW,0.7 mph,1.4 mph,29.97 in,0.00 in,0.00 in,0.0,67.6 w/m²,041024,2024-10-04
09:54:00,49.4 °F,48.7 °F,97 %,NNW,1.0 mph,1.6 mph,29.97 in,0.00 in,0.00 in,0.0,72.4 w/m²,041024,2024-10-04
09:59:00,49.7 °F,49.0 °F,97 %,NW,0.5 mph,1.1 mph,29.97 in,0.00 in,0.00 in,0.0,77 w/m²,041024,2024-10-04
10:04:00,50.6 °F,49.8 °F,97 %,NW,0.2 mph,0.5 mph,29.97 in,0.00 in,0.00 in,0.0,82.7 w/m²,041024,2024-10-04
10:09:00,51.2 °F,50.3 °F,96 %,NNW,0.7 mph,1.0 mph,29.98 in,0.00 in,0.00 in,0.0,87.5 w/m²,041024,2024-10-04
10:14:00,51.2 °F,50.1 °F,96 %,NNW,0.6 mph,1.1 mph,29.98 in,0.00 in,0.00 in,0.0,94.6 w/m²,041024,2024-10-04
10:19:00,51.6 °F,49.8 °F,94 %,NNW,0.9 mph,1.3 mph,29.98 in,0.00 in,0.00 in,0.0,102.1 w/m²,041024,2024-10-04
10:24:00,51.7 °F,49.7 °F,92 %,NNW,1.1 mph,1.7 mph,29.98 in,0.00 in,0.00 in,1.0,108.7 w/m²,041024,2024-10-04
10:29:00,52.1 °F,49.5 °F,91 %,NNW,1.2 mph,1.8 mph,29.98 in,0.00 in,0.00 in,1.0,116.7 w/m²,041024,2024-10-04
10:34:00,52.5 °F,49.1 °F,89 %,NNW,1.4 mph,1.8 mph,29.97 in,0.00 in,0.00 in,1.0,127.7 w/m²,041024,2024-10-04
10:39:00,53.2 °F,49.2 °F,86 %,NNW,1.4 mph,2.0 mph,29.98 in,0.00 in,0.00 in,1.0,139.7 w/m²,041024,2024-10-04
10:44:00,53.4 °F,49.2 °F,85 %,NNW,1.4 mph,1.8 mph,29.97 in,0.00 in,0.00 in,1.0,153.4 w/m²,041024,2024-10-04
10:49:00,53.4 °F,48.8 °F,84 %,NNW,1.6 mph,2.2 mph,29.98 in,0.00 in,0.00 in,1.0,167.8 w/m²,041024,2024-10-04
10:54:00,54.0 °F,48.8 °F,83 %,,1.6 mph,2.1 mph,29.98 in,0.00 in,0.00 in,1.0,187.3 w/m²,041024,2024-10-04
10:59:00,54.1 °F,48.6 °F,82 %,,1.4 mph,2.2 mph,29.98 in,0.00 in,0.00 in,2.0,211.2 w/m²,041024,2024-10-04
11:04:00,54.5 °F,48.8 °F,81 %,NNW,1.2 mph,1.7 mph,29.97 in,0.00 in,0.00 in,2.0,236.5 w/m²,041024,2024-10-04
11:09:00,55.0 °F,49.1 °F,80 %,,1.9 mph,2.4 mph,29.97 in,0.00 in,0.00 in,2.0,254.5 w/m²,041024,2024-10-04
11:14:00,54.6 °F,48.5 °F,80 %,,1.6 mph,2.1 mph,29.98 in,0.00 in,0.00 in,2.0,292.1 w/m²,041024,2024-10-04
11:19:00,55.1 °F,49.0 °F,80 %,NNW,1.3 mph,1.8 mph,29.97 in,0.00 in,0.00 in,2.0,302.7 w/m²,041024,2024-10-04
11:24:00,55.5 °F,48.8 °F,78 %,NNW,2.0 mph,2.7 mph,29.98 in,0.00 in,0.00 in,2.0,304 w/m²,041024,2024-10-04
11:29:00,55.5 °F,48.2 °F,76 %,NW,1.7 mph,2.4 mph,29.97 in,0.00 in,0.00 in,3.0,314.2 w/m²,041024,2024-10-04
11:34:00,55.8 °F,48.6 °F,77 %,,1.5 mph,2.0 mph,29.97 in,0.00 in,0.00 in,3.0,322.8 w/m²,041024,2024-10-04
11:39:00,56.2 °F,48.7 °F,76 %,NNW,1.8 mph,2.3 mph,29.97 in,0.00 in,0.00 in,3.0,328.5 w/m²,041024,2024-10-04
11:44:00,56.7 °F,48.8 °F,75 %,NNW,1.4 mph,2.0 mph,29.97 in,0.00 in,0.00 in,3.0,335.4 w/m²,041024,2024-10-04
11:49:00,56.7 °F,48.2 °F,73 %,NNW,2.0 mph,2.7 mph,29.97 in,0.00 in,0.00 in,3.0,340.7 w/m²,041024,2024-10-04
11:54:00,56.7 °F,48.0 °F,73 %,WNW,2.4 mph,3.4 mph,29.97 in,0.00 in,0.00 in,3.0,345.5 w/m²,041024,2024-10-04
11:59:00,56.7 °F,48.3 °F,73 %,North,2.3 mph,3.1 mph,29.97 in,0.00 in,0.00 in,3.0,353.2 w/m²,041024,2024-10-04
12:04:00,56.8 °F,48.2 °F,73 %,NW,1.5 mph,2.2 mph,29.97 in,0.00 in,0.00 in,3.0,353.5 w/m²,041024,2024-10-04
12:09:00,56.7 °F,48.0 °F,73 %,North,2.0 mph,2.8 mph,29.97 in,0.00 in,0.00 in,3.0,357 w/m²,041024,2024-10-04
12:14:00,57.0 °F,47.6 °F,71 %,North,2.9 mph,3.8 mph,29.97 in,0.00 in,0.00 in,3.0,355.6 w/m²,041024,2024-10-04
12:19:00,56.8 °F,47.2 °F,70 %,North,2.3 mph,2.9 mph,29.97 in,0.00 in,0.00 in,3.0,367.6 w/m²,041024,2024-10-04
12:24:00,57.0 °F,46.5 °F,68 %,West,2.4 mph,3.4 mph,29.97 in,0.00 in,0.00 in,3.0,371.1 w/m²,041024,2024-10-04
12:29:00,57.3 °F,46.4 °F,67 %,NNW,1.9 mph,3.0 mph,29.97 in,0.00 in,0.00 in,3.0,384.2 w/m²,041024,2024-10-04
12:34:00,57.5 °F,46.8 °F,68 %,NNW,1.7 mph,2.4 mph,29.97 in,0.00 in,0.00 in,3.0,386.5 w/m²,041024,2024-10-04
12:39:00,57.8 °F,47.0 °F,67 %,NNE,2.6 mph,3.6 mph,29.97 in,0.00 in,0.00 in,3.0,378.5 w/m²,041024,2024-10-04
12:44:00,57.5 °F,46.9 °F,68 %,NNE,2.2 mph,3.0 mph,29.96 in,0.00 in,0.00 in,3.0,382.6 w/m²,041024,2024-10-04
12:49:00,56.8 °F,46.1 °F,67 %,North,1.5 mph,2.2 mph,29.96 in,0.00 in,0.00 in,3.0,393 w/m²,041024,2024-10-04
12:54:00,57.0 °F,45.6 °F,66 %,North,2.5 mph,3.4 mph,29.96 in,0.00 in,0.00 in,3.0,409.3 w/m²,041024,2024-10-04
12:59:00,58.1 °F,46.8 °F,66 %,NNE,2.8 mph,3.7 mph,29.96 in,0.00 in,0.00 in,4.0,428.3 w/m²,041024,2024-10-04
13:04:00,57.6 °F,45.6 °F,64 %,NNE,2.5 mph,3.3 mph,29.96 in,0.00 in,0.00 in,2.0,297.4 w/m²,041024,2024-10-04
13:09:00,56.9 °F,46.1 °F,67 %,North,2.7 mph,3.3 mph,29.96 in,0.00 in,0.00 in,4.0,436.5 w/m²,041024,2024-10-04
13:14:00,57.6 °F,46.5 °F,66 %,North,2.5 mph,3.2 mph,29.96 in,0.00 in,0.00 in,4.0,433.8 w/m²,041024,2024-10-04
13:19:00,58.3 °F,46.6 °F,65 %,NNW,1.2 mph,1.6 mph,29.95 in,0.00 in,0.00 in,4.0,453.2 w/m²,041024,2024-10-04
13:24:00,59.0 °F,47.5 °F,66 %,North,2.8 mph,4.0 mph,29.96 in,0.00 in,0.00 in,4.0,454.5 w/m²,041024,2024-10-04
13:29:00,58.1 °F,46.8 °F,66 %,North,2.3 mph,3.4 mph,29.95 in,0.00 in,0.00 in,4.0,431.1 w/m²,041024,2024-10-04
13:34:00,58.6 °F,46.7 °F,65 %,,1.8 mph,2.4 mph,29.95 in,0.00 in,0.00 in,4.0,440.9 w/m²,041024,2024-10-04
13:39:00,59.0 °F,47.1 °F,65 %,NNE,3.3 mph,4.3 mph,29.95 in,0.00 in,0.00 in,4.0,438.5 w/m²,041024,2024-10-04
13:44:00,59.0 °F,46.8 °F,64 %,NE,2.2 mph,2.8 mph,29.95 in,0.00 in,0.00 in,4.0,422.6 w/m²,041024,2024-10-04
13:49:00,59.1 °F,46.3 °F,62 %,NE,2.1 mph,3.0 mph,29.95 in,0.00 in,0.00 in,4.0,417.2 w/m²,041024,2024-10-04
13:54:00,59.6 °F,46.4 °F,62 %,SSE,1.6 mph,2.4 mph,29.94 in,0.00 in,0.00 in,3.0,397.2 w/m²,041024,2024-10-04
13:59:00,60.6 °F,46.7 °F,60 %,South,2.3 mph,3.3 mph,29.94 in,0.00 in,0.00 in,3.0,396.3 w/m²,041024,2024-10-04
14:04:00,60.3 °F,46.8 °F,61 %,SSE,1.9 mph,2.8 mph,29.94 in,0.00 in,0.00 in,3.0,407 w/m²,041024,2024-10-04
14:09:00,60.7 °F,46.6 °F,60 %,South,0.8 mph,1.1 mph,29.94 in,0.00 in,0.00 in,3.0,403.3 w/m²,041024,2024-10-04
14:14:00,60.1 °F,46.6 °F,61 %,South,1.5 mph,2.0 mph,29.94 in,0.00 in,0.00 in,3.0,396.7 w/m²,041024,2024-10-04
14:19:00,59.9 °F,46.0 °F,60 %,SSW,0.7 mph,1.0 mph,29.94 in,0.00 in,0.00 in,4.0,422.8 w/m²,041024,2024-10-04
14:24:00,61.4 °F,46.1 °F,57 %,SSW,0.8 mph,1.1 mph,29.94 in,0.00 in,0.00 in,3.0,407.9 w/m²,041024,2024-10-04
14:29:00,60.6 °F,46.0 °F,59 %,SE,1.5 mph,2.1 mph,29.94 in,0.00 in,0.00 in,1.0,126.4 w/m²,041024,2024-10-04
14:34:00,58.7 °F,45.8 °F,62 %,ESE,1.8 mph,2.4 mph,29.94 in,0.00 in,0.00 in,3.0,368 w/m²,041024,2024-10-04
14:39:00,58.2 °F,45.9 °F,64 %,SSE,1.2 mph,1.8 mph,29.94 in,0.00 in,0.00 in,3.0,374 w/m²,041024,2024-10-04
14:44:00,59.4 °F,45.1 °F,59 %,SSW,1.0 mph,1.5 mph,29.94 in,0.00 in,0.00 in,3.0,370.2 w/m²,041024,2024-10-04
14:49:00,61.0 °F,45.0 °F,56 %,SSW,1.0 mph,1.5 mph,29.94 in,0.00 in,0.00 in,3.0,359.2 w/m²,041024,2024-10-04
14:54:00,60.9 °F,46.1 °F,58 %,SSE,1.3 mph,1.8 mph,29.94 in,0.00 in,0.00 in,3.0,348 w/m²,041024,2024-10-04
14:59:00,60.7 °F,46.3 °F,59 %,SE,1.9 mph,2.9 mph,29.94 in,0.00 in,0.00 in,3.0,332.3 w/m²,041024,2024-10-04
15:04:00,60.3 °F,45.7 °F,59 %,SSE,0.8 mph,1.3 mph,29.93 in,0.00 in,0.00 in,3.0,333 w/m²,041024,2024-10-04
15:09:00,61.1 °F,45.6 °F,57 %,SSW,1.0 mph,1.6 mph,29.93 in,0.00 in,0.00 in,3.0,344.3 w/m²,041024,2024-10-04
15:14:00,61.2 °F,46.0 °F,57 %,WSW,0.4 mph,0.8 mph,29.93 in,0.00 in,0.00 in,3.0,344.9 w/m²,041024,2024-10-04
15:19:00,61.4 °F,46.1 °F,57 %,NE,2.4 mph,3.3 mph,29.93 in,0.00 in,0.00 in,3.0,353.5 w/m²,041024,2024-10-04
15:24:00,60.1 °F,46.0 °F,60 %,ENE,2.4 mph,3.4 mph,29.93 in,0.00 in,0.00 in,3.0,360.8 w/m²,041024,2024-10-04
15:29:00,60.2 °F,46.8 °F,61 %,NE,2.8 mph,3.7 mph,29.93 in,0.00 in,0.00 in,3.0,341.1 w/m²,041024,2024-10-04
15:34:00,59.3 °F,45.6 °F,60 %,East,2.2 mph,2.7 mph,29.93 in,0.00 in,0.00 in,2.0,284.1 w/m²,041024,2024-10-04
15:39:00,58.4 °F,45.4 °F,62 %,ENE,1.9 mph,2.6 mph,29.94 in,0.00 in,0.00 in,0.0,79.1 w/m²,041024,2024-10-04
15:44:00,57.7 °F,45.3 °F,63 %,SSE,0.2 mph,0.6 mph,29.93 in,0.00 in,0.00 in,0.0,80.3 w/m²,041024,2024-10-04
15:49:00,57.7 °F,45.0 °F,62 %,SSE,0.5 mph,0.8 mph,29.93 in,0.00 in,0.00 in,2.0,259.6 w/m²,041024,2024-10-04
15:54:00,59.1 °F,46.3 °F,63 %,SSE,0.9 mph,1.1 mph,29.93 in,0.00 in,0.00 in,2.0,267 w/m²,041024,2024-10-04
15:59:00,59.0 °F,46.4 °F,63 %,South,0.2 mph,0.3 mph,29.93 in,0.00 in,0.00 in,1.0,143.7 w/m²,041024,2024-10-04
16:04:00,59.5 °F,46.2 °F,62 %,SSW,0.0 mph,0.2 mph,29.93 in,0.00 in,0.00 in,2.0,273.2 w/m²,041024,2024-10-04
16:09:00,60.5 °F,45.7 °F,58 %,NNW,1.4 mph,1.9 mph,29.92 in,0.00 in,0.00 in,2.0,252.1 w/m²,041024,2024-10-04
16:14:00,60.1 °F,46.2 °F,60 %,ENE,3.0 mph,4.1 mph,29.92 in,0.00 in,0.00 in,2.0,247.7 w/m²,041024,2024-10-04
16:19:00,60.1 °F,45.4 °F,58 %,SE,0.9 mph,1.2 mph,29.93 in,0.00 in,0.00 in,2.0,236.9 w/m²,041024,2024-10-04
16:24:00,61.8 °F,45.6 °F,55 %,SSW,1.0 mph,1.6 mph,29.92 in,0.00 in,0.00 in,2.0,224.4 w/m²,041024,2024-10-04
16:29:00,61.1 °F,46.4 °F,58 %,WSW,0.9 mph,1.3 mph,29.92 in,0.00 in,0.00 in,2.0,221.8 w/m²,041024,2024-10-04
16:34:00,61.2 °F,47.1 °F,60 %,SE,1.6 mph,2.4 mph,29.92 in,0.00 in,0.00 in,2.0,216.8 w/m²,041024,2024-10-04
16:39:00,60.8 °F,46.0 °F,58 %,SE,1.4 mph,1.9 mph,29.92 in,0.00 in,0.00 in,2.0,219.1 w/m²,041024,2024-10-04
16:44:00,61.0 °F,46.4 °F,59 %,ESE,0.7 mph,1.0 mph,29.92 in,0.00 in,0.00 in,2.0,220.6 w/m²,041024,2024-10-04
16:49:00,61.1 °F,45.6 °F,57 %,South,1.0 mph,1.6 mph,29.92 in,0.00 in,0.00 in,2.0,212.1 w/m²,041024,2024-10-04
16:54:00,61.3 °F,46.3 °F,58 %,WNW,2.3 mph,3.2 mph,29.92 in,0.00 in,0.00 in,1.0,179.6 w/m²,041024,2024-10-04
16:59:00,59.9 °F,46.0 °F,60 %,East,2.3 mph,3.3 mph,29.92 in,0.00 in,0.00 in,1.0,155.4 w/m²,041024,2024-10-04
17:04:00,59.4 °F,45.9 °F,61 %,ENE,2.1 mph,2.9 mph,29.92 in,0.00 in,0.00 in,1.0,122 w/m²,041024,2024-10-04
17:09:00,59.0 °F,45.6 °F,61 %,East,2.2 mph,3.0 mph,29.92 in,0.00 in,0.00 in,0.0,97 w/m²,041024,2024-10-04
17:14:00,58.6 °F,45.6 °F,62 %,East,1.8 mph,2.7 mph,29.92 in,0.00 in,0.00 in,0.0,77.1 w/m²,041024,2024-10-04
17:19:00,57.7 °F,45.3 °F,63 %,ESE,1.6 mph,2.2 mph,29.92 in,0.00 in,0.00 in,0.0,67.2 w/m²,041024,2024-10-04
17:24:00,57.7 °F,45.2 °F,63 %,SSE,0.8 mph,1.4 mph,29.92 in,0.00 in,0.00 in,0.0,64.9 w/m²,041024,2024-10-04
17:29:00,57.6 °F,44.7 °F,62 %,ESE,0.7 mph,1.1 mph,29.92 in,0.00 in,0.00 in,0.0,65.2 w/m²,041024,2024-10-04
17:34:00,57.8 °F,45.1 °F,62 %,South,0.7 mph,1.0 mph,29.92 in,0.00 in,0.00 in,0.0,48.8 w/m²,041024,2024-10-04
17:39:00,57.5 °F,44.4 °F,62 %,SSW,0.1 mph,0.2 mph,29.93 in,0.00 in,0.00 in,0.0,51.8 w/m²,041024,2024-10-04
17:44:00,57.8 °F,44.7 °F,62 %,SSW,0.2 mph,0.5 mph,29.92 in,0.00 in,0.00 in,0.0,77.3 w/m²,041024,2024-10-04
17:49:00,60.1 °F,46.2 °F,60 %,SSW,0.1 mph,0.3 mph,29.92 in,0.00 in,0.00 in,0.0,78.6 w/m²,041024,2024-10-04
17:54:00,60.6 °F,45.8 °F,58 %,SSW,0.7 mph,1.1 mph,29.92 in,0.00 in,0.00 in,0.0,71.6 w/m²,041024,2024-10-04
17:59:00,59.9 °F,45.9 °F,60 %,South,0.6 mph,0.9 mph,29.92 in,0.00 in,0.00 in,0.0,62.8 w/m²,041024,2024-10-04
18:04:00,58.8 °F,44.8 °F,60 %,ESE,2.1 mph,3.0 mph,29.92 in,0.00 in,0.00 in,0.0,52.5 w/m²,041024,2024-10-04
18:09:00,58.4 °F,44.7 °F,60 %,ESE,1.8 mph,2.8 mph,29.93 in,0.00 in,0.00 in,0.0,48.9 w/m²,041024,2024-10-04
18:14:00,57.9 °F,44.8 °F,62 %,SE,1.2 mph,1.8 mph,29.92 in,0.00 in,0.00 in,0.0,43.8 w/m²,041024,2024-10-04
18:19:00,57.8 °F,44.7 °F,61 %,SE,1.0 mph,1.4 mph,29.93 in,0.00 in,0.00 in,0.0,39.7 w/m²,041024,2024-10-04
18:24:00,57.7 °F,44.8 °F,62 %,SSE,0.6 mph,1.0 mph,29.93 in,0.00 in,0.00 in,0.0,35.9 w/m²,041024,2024-10-04
18:29:00,57.6 °F,45.0 °F,63 %,SSE,0.7 mph,1.2 mph,29.92 in,0.00 in,0.00 in,0.0,32.9 w/m²,041024,2024-10-04
18:34:00,57.5 °F,45.0 °F,63 %,South,0.7 mph,0.8 mph,29.93 in,0.00 in,0.00 in,0.0,29.9 w/m²,041024,2024-10-04
18:39:00,57.4 °F,45.2 °F,64 %,SSW,0.4 mph,0.7 mph,29.92 in,0.00 in,0.00 in,0.0,26.6 w/m²,041024,2024-10-04
18:44:00,57.2 °F,45.4 °F,65 %,SSW,0.1 mph,0.2 mph,29.93 in,0.00 in,0.00 in,0.0,23.3 w/m²,041024,2024-10-04
18:49:00,56.8 °F,45.2 °F,65 %,South,0.1 mph,0.3 mph,29.93 in,0.00 in,0.00 in,0.0,19.8 w/m²,041024,2024-10-04
18:54:00,56.2 °F,45.3 °F,67 %,SSW,0.0 mph,0.0 mph,29.93 in,0.00 in,0.00 in,0.0,16.2 w/m²,041024,2024-10-04
18:59:00,55.4 °F,45.2 °F,68 %,SSW,0.0 mph,0.0 mph,29.93 in,0.00 in,0.00 in,0.0,13.3 w/m²,041024,2024-10-04
19:04:00,54.6 °F,44.7 °F,69 %,SSW,0.0 mph,0.0 mph,29.93 in,0.00 in,0.00 in,0.0,9.8 w/m²,041024,2024-10-04
19:09:00,54.0 °F,44.7 °F,71 %,SSW,0.0 mph,0.0 mph,29.93 in,0.00 in,0.00 in,0.0,6.9 w/m²,041024,2024-10-04
19:14:00,53.2 °F,44.5 °F,72 %,SSW,0.0 mph,0.0 mph,29.94 in,0.00 in,0.00 in,0.0,4.9 w/m²,041024,2024-10-04
19:19:00,52.5 °F,44.8 °F,75 %,SSW,0.0 mph,0.0 mph,29.94 in,0.00 in,0.00 in,0.0,3.2 w/m²,041024,2024-10-04
19:24:00,51.9 °F,45.0 °F,77 %,SSW,0.0 mph,0.0 mph,29.94 in,0.00 in,0.00 in,0.0,2 w/m²,041024,2024-10-04
19:29:00,51.4 °F,45.0 °F,79 %,SSW,0.0 mph,0.0 mph,29.94 in,0.00 in,0.00 in,0.0,1.2 w/m²,041024,2024-10-04
19:34:00,50.8 °F,44.6 °F,79 %,SSW,0.0 mph,0.0 mph,29.94 in,0.00 in,0.00 in,0.0,0.6 w/m²,041024,2024-10-04
19:39:00,50.1 °F,44.4 °F,81 %,SSW,0.0 mph,0.0 mph,29.94 in,0.00 in,0.00 in,0.0,0.3 w/m²,041024,2024-10-04
19:44:00,49.6 °F,44.5 °F,83 %,SSW,0.0 mph,0.0 mph,29.94 in,0.00 in,0.00 in,0.0,0.1 w/m²,041024,2024-10-04
19:49:00,49.1 °F,44.4 °F,84 %,SSW,0.0 mph,0.0 mph,29.94 in,0.00 in,0.00 in,0.0,0 w/m²,041024,2024-10-04
19:54:00,48.7 °F,44.5 °F,85 %,SSW,0.0 mph,0.0 mph,29.94 in,0.00 in,0.00 in,0.0,0 w/m²,041024,2024-10-04
19:59:00,48.8 °F,45.0 °F,86 %,SSW,0.0 mph,0.0 mph,29.94 in,0.00 in,0.00 in,0.0,0 w/m²,041024,2024-10-04
20:04:00,48.5 °F,44.8 °F,87 %,SSW,0.0 mph,0.0 mph,29.95 in,0.00 in,0.00 in,0.0,0 w/m²,041024,2024-10-04
20:09:00,47.7 °F,44.3 °F,88 %,SSW,0.0 mph,0.0 mph,29.95 in,0.00 in,0.00 in,0.0,0 w/m²,041024,2024-10-04
20:14:00,47.5 °F,44.1 °F,88 %,SSW,0.0 mph,0.0 mph,29.94 in,0.00 in,0.00 in,0.0,0 w/m²,041024,2024-10-04
20:19:00,47.3 °F,44.2 °F,89 %,SSW,0.0 mph,0.0 mph,29.95 in,0.00 in,0.00 in,0.0,0 w/m²,041024,2024-10-04
20:24:00,47.0 °F,44.2 °F,90 %,SSW,0.0 mph,0.0 mph,29.94 in,0.00 in,0.00 in,0.0,0 w/m²,041024,2024-10-04
20:29:00,46.4 °F,43.7 °F,90 %,SSW,0.0 mph,0.0 mph,29.95 in,0.00 in,0.00 in,0.0,0 w/m²,041024,2024-10-04
20:34:00,46.1 °F,43.6 °F,91 %,SSW,0.0 mph,0.0 mph,29.95 in,0.00 in,0.00 in,0.0,0 w/m²,041024,2024-10-04
20:39:00,46.0 °F,43.6 °F,91 %,SSW,0.0 mph,0.0 mph,29.95 in,0.00 in,0.00 in,0.0,0 w/m²,041024,2024-10-04
20:44:00,46.3 °F,44.0 °F,91 %,SSW,0.0 mph,0.0 mph,29.95 in,0.00 in,0.00 in,0.0,0 w/m²,041024,2024-10-04
20:49:00,46.1 °F,43.9 °F,92 %,SSW,0.0 mph,0.0 mph,29.95 in,0.00 in,0.00 in,0.0,0 w/m²,041024,2024-10-04
20:54:00,45.9 °F,43.7 °F,92 %,SSW,0.0 mph,0.0 mph,29.95 in,0.00 in,0.00 in,0.0,0 w/m²,041024,2024-10-04
20:59:00,45.4 °F,43.3 °F,92 %,SSW,0.0 mph,0.0 mph,29.95 in,0.00 in,0.00 in,0.0,0 w/m²,041024,2024-10-04
21:04:00,45.3 °F,43.2 °F,92 %,SSW,0.0 mph,0.0 mph,29.95 in,0.00 in,0.00 in,0.0,0 w/m²,041024,2024-10-04
21:09:00,45.2 °F,43.1 °F,92 %,SSW,0.0 mph,0.0 mph,29.94 in,0.00 in,0.00 in,0.0,0 w/m²,041024,2024-10-04
21:14:00,44.9 °F,42.7 °F,92 %,SSW,0.0 mph,0.0 mph,29.95 in,0.00 in,0.00 in,0.0,0 w/m²,041024,2024-10-04
21:19:00,44.7 °F,42.7 °F,93 %,SSW,0.0 mph,0.0 mph,29.94 in,0.00 in,0.00 in,0.0,0 w/m²,041024,2024-10-04
21:24:00,44.6 °F,42.6 °F,93 %,SSW,0.0 mph,0.0 mph,29.94 in,0.00 in,0.00 in,0.0,0 w/m²,041024,2024-10-04
21:29:00,44.4 °F,42.4 °F,93 %,SSW,0.0 mph,0.0 mph,29.94 in,0.00 in,0.00 in,0.0,0 w/m²,041024,2024-10-04
21:34:00,44.4 °F,42.5 °F,93 %,SSW,0.0 mph,0.0 mph,29.94 in,0.00 in,0.00 in,0.0,0 w/m²,041024,2024-10-04
21:39:00,44.3 °F,42.5 °F,94 %,SSW,0.0 mph,0.0 mph,29.95 in,0.00 in,0.00 in,0.0,0 w/m²,041024,2024-10-04
21:44:00,44.6 °F,42.8 °F,94 %,SSW,0.0 mph,0.0 mph,29.95 in,0.00 in,0.00 in,0.0,0 w/m²,041024,2024-10-04
21:49:00,44.5 °F,42.7 °F,94 %,SSW,0.0 mph,0.0 mph,29.94 in,0.00 in,0.00 in,0.0,0 w/m²,041024,2024-10-04
21:54:00,44.3 °F,42.5 °F,94 %,SSW,0.0 mph,0.0 mph,29.95 in,0.00 in,0.00 in,0.0,0 w/m²,041024,2024-10-04
21:59:00,43.8 °F,42.0 °F,94 %,SSW,0.0 mph,0.0 mph,29.95 in,0.00 in,0.00 in,0.0,0 w/m²,041024,2024-10-04
22:04:00,43.6 °F,41.8 °F,94 %,SSW,0.0 mph,0.0 mph,29.95 in,0.00 in,0.00 in,0.0,0 w/m²,041024,2024-10-04
22:09:00,43.7 °F,41.9 °F,94 %,SSW,0.0 mph,0.0 mph,29.94 in,0.00 in,0.00 in,0.0,0 w/m²,041024,2024-10-04
22:14:00,43.8 °F,42.0 °F,94 %,SSW,0.0 mph,0.0 mph,29.95 in,0.00 in,0.00 in,0.0,0 w/m²,041024,2024-10-04
22:19:00,43.8 °F,42.3 °F,95 %,SSW,0.0 mph,0.0 mph,29.94 in,0.00 in,0.00 in,0.0,0 w/m²,041024,2024-10-04
22:24:00,44.2 °F,42.7 °F,95 %,SSW,0.0 mph,0.0 mph,29.95 in,0.00 in,0.00 in,0.0,0 w/m²,041024,2024-10-04
22:29:00,43.9 °F,42.4 °F,95 %,SSW,0.0 mph,0.0 mph,29.95 in,0.00 in,0.00 in,0.0,0 w/m²,041024,2024-10-04
22:34:00,43.8 °F,42.4 °F,95 %,SSW,0.0 mph,0.0 mph,29.94 in,0.00 in,0.00 in,0.0,0 w/m²,041024,2024-10-04
22:39:00,43.7 °F,42.3 °F,95 %,SSW,0.0 mph,0.0 mph,29.95 in,0.00 in,0.00 in,0.0,0 w/m²,041024,2024-10-04
22:44:00,43.8 °F,42.3 °F,95 %,SSW,0.0 mph,0.0 mph,29.95 in,0.00 in,0.00 in,0.0,0 w/m²,041024,2024-10-04
22:49:00,43.4 °F,42.0 °F,95 %,SSW,0.0 mph,0.0 mph,29.95 in,0.00 in,0.00 in,0.0,0 w/m²,041024,2024-10-04
22:54:00,43.6 °F,42.2 °F,95 %,SSW,0.0 mph,0.0 mph,29.94 in,0.00 in,0.00 in,0.0,0 w/m²,041024,2024-10-04
22:59:00,43.3 °F,41.9 °F,95 %,SSW,0.0 mph,0.0 mph,29.94 in,0.00 in,0.00 in,0.0,0 w/m²,041024,2024-10-04
23:04:00,43.0 °F,41.5 °F,95 %,SSW,0.0 mph,0.0 mph,29.95 in,0.00 in,0.00 in,0.0,0 w/m²,041024,2024-10-04
23:09:00,43.2 °F,42.0 °F,95 %,SSW,0.0 mph,0.0 mph,29.95 in,0.00 in,0.00 in,0.0,0 w/m²,041024,2024-10-04
23:14:00,43.2 °F,41.8 °F,95 %,SSW,0.0 mph,0.0 mph,29.95 in,0.00 in,0.00 in,0.0,0 w/m²,041024,2024-10-04
23:19:00,42.8 °F,41.5 °F,95 %,SSW,0.0 mph,0.0 mph,29.94 in,0.00 in,0.00 in,0.0,0 w/m²,041024,2024-10-04
23:24:00,42.9 °F,41.5 °F,95 %,SSW,0.0 mph,0.0 mph,29.94 in,0.00 in,0.00 in,0.0,0 w/m²,041024,2024-10-04
23:29:00,42.5 °F,41.3 °F,95 %,SSW,0.0 mph,0.0 mph,29.94 in,0.00 in,0.00 in,0.0,0 w/m²,041024,2024-10-04
23:34:00,42.8 °F,41.8 °F,96 %,SSW,0.0 mph,0.0 mph,29.94 in,0.00 in,0.00 in,0.0,0 w/m²,041024,2024-10-04
23:39:00,42.9 °F,42.0 °F,96 %,SSW,0.0 mph,0.0 mph,29.94 in,0.00 in,0.00 in,0.0,0 w/m²,041024,2024-10-04
23:44:00,42.9 °F,41.7 °F,96 %,SSW,0.0 mph,0.0 mph,29.94 in,0.00 in,0.00 in,0.0,0 w/m²,041024,2024-10-04
23:49:00,42.4 °F,40.9 °F,95 %,SSW,0.0 mph,0.0 mph,29.95 in,0.00 in,0.00 in,0.0,0 w/m²,041024,2024-10-04
23:54:00,42.0 °F,40.5 °F,95 %,SSW,0.0 mph,0.0 mph,29.94 in,0.00 in,0.00 in,0.0,0 w/m²,041024,2024-10-04
23:59:00,41.4 °F,40.1 °F,95 %,SSW,0.0 mph,0.0 mph,29.94 in,0.00 in,0.00 in,0.0,0 w/m²,041024,2024-10-04
00:04:00,41.7 °F,40.8 °F,96 %,SSW,0.0 mph,0.0 mph,29.94 in,0.00 in,0.00 in,0.0,0 w/m²,051024,2024-10-05
00:09:00,42.2 °F,41.3 °F,96 %,SSW,0.0 mph,0.0 mph,29.94 in,0.00 in,0.00 in,0.0,0 w/m²,051024,2024-10-05
00:14:00,42.1 °F,41.2 °F,96 %,SSW,0.0 mph,0.0 mph,29.94 in,0.00 in,0.00 in,0.0,0 w/m²,051024,2024-10-05
00:19:00,42.4 °F,41.5 °F,96 %,SSW,0.0 mph,0.0 mph,29.94 in,0.00 in,0.00 in,0.0,0 w/m²,051024,2024-10-05
00:24:00,42.5 °F,41.6 °F,96 %,SSW,0.0 mph,0.0 mph,29.94 in,0.00 in,0.00 in,0.0,0 w/m²,051024,2024-10-05
00:29:00,42.4 °F,41.5 °F,96 %,SSW,0.0 mph,0.0 mph,29.94 in,0.00 in,0.00 in,0.0,0 w/m²,051024,2024-10-05
00:34:00,42.9 °F,42.0 °F,96 %,SSW,0.0 mph,0.0 mph,29.94 in,0.00 in,0.00 in,0.0,0 w/m²,051024,2024-10-05
00:39:00,43.3 °F,42.4 °F,96 %,SSW,0.0 mph,0.0 mph,29.94 in,0.00 in,0.00 in,0.0,0 w/m²,051024,2024-10-05
00:44:00,43.3 °F,42.4 °F,96 %,SSW,0.0 mph,0.0 mph,29.94 in,0.00 in,0.00 in,0.0,0 w/m²,051024,2024-10-05
00:49:00,43.7 °F,42.8 °F,96 %,SSW,0.0 mph,0.0 mph,29.93 in,0.00 in,0.00 in,0.0,0 w/m²,051024,2024-10-05
00:54:00,43.8 °F,42.8 °F,96 %,SSW,0.0 mph,0.0 mph,29.94 in,0.00 in,0.00 in,0.0,0 w/m²,051024,2024-10-05
00:59:00,43.5 °F,42.6 °F,96 %,SSW,0.0 mph,0.0 mph,29.94 in,0.00 in,0.00 in,0.0,0 w/m²,051024,2024-10-05
01:04:00,43.3 °F,42.4 °F,96 %,SSW,0.0 mph,0.0 mph,29.93 in,0.00 in,0.00 in,0.0,0 w/m²,051024,2024-10-05
01:09:00,43.1 °F,42.2 °F,96 %,SSW,0.0 mph,0.0 mph,29.93 in,0.00 in,0.00 in,0.0,0 w/m²,051024,2024-10-05
01:14:00,42.8 °F,41.9 °F,96 %,SSW,0.0 mph,0.0 mph,29.93 in,0.00 in,0.00 in,0.0,0 w/m²,051024,2024-10-05
01:19:00,42.6 °F,41.7 °F,96 %,SSW,0.0 mph,0.0 mph,29.93 in,0.00 in,0.00 in,0.0,0 w/m²,051024,2024-10-05
01:24:00,42.2 °F,41.3 °F,96 %,SSW,0.0 mph,0.0 mph,29.93 in,0.00 in,0.00 in,0.0,0 w/m²,051024,2024-10-05
01:29:00,41.9 °F,41.0 °F,96 %,SSW,0.0 mph,0.0 mph,29.93 in,0.00 in,0.00 in,0.0,0 w/m²,051024,2024-10-05
01:34:00,42.3 °F,41.4 °F,96 %,SSW,0.0 mph,0.0 mph,29.93 in,0.00 in,0.00 in,0.0,0 w/m²,051024,2024-10-05
01:39:00,42.6 °F,41.8 °F,97 %,SSW,0.0 mph,0.0 mph,29.92 in,0.00 in,0.00 in,0.0,0 w/m²,051024,2024-10-05
01:44:00,42.6 °F,41.7 °F,96 %,SSW,0.0 mph,0.0 mph,29.92 in,0.00 in,0.00 in,0.0,0 w/m²,051024,2024-10-05
01:49:00,42.1 °F,41.2 °F,96 %,SSW,0.0 mph,0.0 mph,29.92 in,0.00 in,0.00 in,0.0,0 w/m²,051024,2024-10-05
01:54:00,42.3 °F,41.6 °F,97 %,SSW,0.0 mph,0.0 mph,29.92 in,0.00 in,0.00 in,0.0,0 w/m²,051024,2024-10-05
01:59:00,42.6 °F,41.7 °F,96 %,SSW,0.0 mph,0.0 mph,29.92 in,0.00 in,0.00 in,0.0,0 w/m²,051024,2024-10-05
02:04:00,42.8 °F,42.1 °F,97 %,SSW,0.0 mph,0.0 mph,29.92 in,0.00 in,0.00 in,0.0,0 w/m²,051024,2024-10-05
02:09:00,43.3 °F,42.5 °F,97 %,WSW,0.0 mph,0.0 mph,29.92 in,0.00 in,0.00 in,0.0,0 w/m²,051024,2024-10-05
02:14:00,43.5 °F,42.8 °F,97 %,WSW,0.0 mph,0.0 mph,29.92 in,0.00 in,0.00 in,0.0,0 w/m²,051024,2024-10-05
02:19:00,44.0 °F,43.3 °F,97 %,West,0.0 mph,0.0 mph,29.93 in,0.00 in,0.00 in,0.0,0 w/m²,051024,2024-10-05
02:24:00,44.3 °F,43.6 °F,97 %,West,0.0 mph,0.0 mph,29.93 in,0.00 in,0.00 in,0.0,0 w/m²,051024,2024-10-05
02:29:00,44.9 °F,44.1 °F,97 %,West,0.0 mph,0.0 mph,29.92 in,0.00 in,0.00 in,0.0,0 w/m²,051024,2024-10-05
02:34:00,45.0 °F,44.2 °F,97 %,West,0.0 mph,0.0 mph,29.92 in,0.00 in,0.00 in,0.0,0 w/m²,051024,2024-10-05
02:39:00,45.3 °F,44.6 °F,97 %,West,0.0 mph,0.0 mph,29.92 in,0.00 in,0.00 in,0.0,0 w/m²,051024,2024-10-05
02:44:00,45.5 °F,44.7 °F,97 %,West,0.0 mph,0.0 mph,29.92 in,0.00 in,0.00 in,0.0,0 w/m²,051024,2024-10-05
02:49:00,45.3 °F,44.4 °F,96 %,West,0.0 mph,0.0 mph,29.92 in,0.00 in,0.00 in,0.0,0 w/m²,051024,2024-10-05
02:54:00,45.4 °F,44.6 °F,97 %,West,0.1 mph,0.3 mph,29.92 in,0.00 in,0.00 in,0.0,0 w/m²,051024,2024-10-05
02:59:00,45.7 °F,44.8 °F,96 %,West,0.1 mph,0.4 mph,29.92 in,0.00 in,0.00 in,0.0,0 w/m²,051024,2024-10-05
03:04:00,45.6 °F,44.7 °F,96 %,West,0.0 mph,0.0 mph,29.92 in,0.00 in,0.00 in,0.0,0 w/m²,051024,2024-10-05
03:09:00,45.7 °F,44.8 °F,96 %,West,0.0 mph,0.0 mph,29.92 in,0.00 in,0.00 in,0.0,0 w/m²,051024,2024-10-05
03:14:00,45.5 °F,44.3 °F,95 %,West,0.0 mph,0.1 mph,29.92 in,0.00 in,0.00 in,0.0,0 w/m²,051024,2024-10-05
03:19:00,45.2 °F,43.8 °F,95 %,West,0.1 mph,0.5 mph,29.92 in,0.00 in,0.00 in,0.0,0 w/m²,051024,2024-10-05
03:24:00,45.4 °F,44.0 °F,95 %,West,0.1 mph,0.3 mph,29.92 in,0.00 in,0.00 in,0.0,0 w/m²,051024,2024-10-05
03:29:00,45.5 °F,44.1 °F,95 %,West,0.2 mph,0.6 mph,29.92 in,0.00 in,0.00 in,0.0,0 w/m²,051024,2024-10-05
03:34:00,45.7 °F,44.2 °F,95 %,West,0.0 mph,0.0 mph,29.92 in,0.00 in,0.00 in,0.0,0 w/m²,051024,2024-10-05
03:39:00,45.7 °F,44.2 °F,95 %,West,0.0 mph,0.0 mph,29.91 in,0.00 in,0.00 in,0.0,0 w/m²,051024,2024-10-05
03:44:00,45.5 °F,43.8 °F,94 %,West,0.3 mph,0.6 mph,29.91 in,0.00 in,0.00 in,0.0,0 w/m²,051024,2024-10-05
03:49:00,45.4 °F,43.6 °F,94 %,West,0.3 mph,0.8 mph,29.91 in,0.00 in,0.00 in,0.0,0 w/m²,051024,2024-10-05
03:54:00,45.6 °F,43.8 °F,94 %,West,0.7 mph,1.1 mph,29.91 in,0.00 in,0.00 in,0.0,0 w/m²,051024,2024-10-05
03:59:00,45.9 °F,44.1 °F,94 %,West,0.2 mph,0.7 mph,29.91 in,0.00 in,0.00 in,0.0,0 w/m²,051024,2024-10-05
04:04:00,45.9 °F,44.1 °F,94 %,West,0.2 mph,0.5 mph,29.91 in,0.00 in,0.00 in,0.0,0 w/m²,051024,2024-10-05
04:09:00,46.0 °F,44.1 °F,94 %,West,0.4 mph,0.7 mph,29.91 in,0.00 in,0.00 in,0.0,0 w/m²,051024,2024-10-05
04:14:00,46.1 °F,44.2 °F,93 %,West,0.5 mph,1.0 mph,29.91 in,0.00 in,0.00 in,0.0,0 w/m²,051024,2024-10-05
04:19:00,46.1 °F,44.1 °F,93 %,West,0.0 mph,0.0 mph,29.91 in,0.00 in,0.00 in,0.0,0 w/m²,051024,2024-10-05
04:24:00,46.0 °F,44.0 °F,93 %,West,0.1 mph,0.4 mph,29.91 in,0.00 in,0.00 in,0.0,0 w/m²,051024,2024-10-05
04:29:00,45.7 °F,43.7 °F,93 %,West,0.0 mph,0.2 mph,29.91 in,0.00 in,0.00 in,0.0,0 w/m²,051024,2024-10-05
04:34:00,45.6 °F,43.6 °F,93 %,West,0.3 mph,0.5 mph,29.91 in,0.00 in,0.00 in,0.0,0 w/m²,051024,2024-10-05
04:39:00,45.7 °F,43.7 °F,93 %,WSW,0.2 mph,0.4 mph,29.91 in,0.00 in,0.00 in,0.0,0 w/m²,051024,2024-10-05
04:44:00,45.9 °F,44.0 °F,93 %,West,0.5 mph,1.0 mph,29.91 in,0.00 in,0.00 in,0.0,0 w/m²,051024,2024-10-05
04:49:00,46.0 °F,44.1 °F,93 %,West,0.4 mph,0.8 mph,29.91 in,0.00 in,0.00 in,0.0,0 w/m²,051024,2024-10-05
04:54:00,45.7 °F,43.7 °F,93 %,West,0.5 mph,0.9 mph,29.91 in,0.00 in,0.00 in,0.0,0 w/m²,051024,2024-10-05
04:59:00,45.5 °F,43.5 °F,93 %,West,0.7 mph,1.1 mph,29.91 in,0.00 in,0.00 in,0.0,0 w/m²,051024,2024-10-05
05:04:00,45.5 °F,43.5 °F,93 %,West,0.7 mph,1.1 mph,29.91 in,0.00 in,0.00 in,0.0,0 w/m²,051024,2024-10-05
05:09:00,45.5 °F,43.5 °F,93 %,West,0.5 mph,0.9 mph,29.91 in,0.00 in,0.00 in,0.0,0 w/m²,051024,2024-10-05
05:14:00,45.3 °F,43.3 °F,93 %,West,0.2 mph,0.6 mph,29.91 in,0.00 in,0.00 in,0.0,0 w/m²,051024,2024-10-05
05:19:00,45.3 °F,43.3 °F,93 %,West,0.4 mph,0.8 mph,29.91 in,0.00 in,0.00 in,0.0,0 w/m²,051024,2024-10-05
05:24:00,45.2 °F,43.2 °F,93 %,West,0.6 mph,1.1 mph,29.90 in,0.00 in,0.00 in,0.0,0 w/m²,051024,2024-10-05
05:29:00,45.3 °F,43.3 °F,93 %,WSW,0.7 mph,1.2 mph,29.90 in,0.00 in,0.00 in,0.0,0 w/m²,051024,2024-10-05
05:34:00,45.3 °F,43.3 °F,93 %,West,0.5 mph,0.9 mph,29.90 in,0.00 in,0.00 in,0.0,0 w/m²,051024,2024-10-05
05:39:00,45.1 °F,43.2 °F,93 %,West,0.5 mph,1.0 mph,29.90 in,0.00 in,0.00 in,0.0,0 w/m²,051024,2024-10-05
05:44:00,45.1 °F,43.2 °F,93 %,West,0.2 mph,0.7 mph,29.90 in,0.00 in,0.00 in,0.0,0 w/m²,051024,2024-10-05
05:49:00,44.9 °F,42.9 °F,93 %,West,0.2 mph,0.4 mph,29.90 in,0.00 in,0.00 in,0.0,0 w/m²,051024,2024-10-05
05:54:00,44.9 °F,43.1 °F,94 %,West,0.5 mph,1.0 mph,29.90 in,0.00 in,0.00 in,0.0,0 w/m²,051024,2024-10-05
05:59:00,44.7 °F,42.9 °F,94 %,West,0.3 mph,0.7 mph,29.89 in,0.00 in,0.00 in,0.0,0 w/m²,051024,2024-10-05
06:04:00,44.8 °F,43.0 °F,94 %,West,0.7 mph,1.0 mph,29.89 in,0.00 in,0.00 in,0.0,0 w/m²,051024,2024-10-05
06:09:00,45.0 °F,43.2 °F,94 %,WSW,1.0 mph,1.5 mph,29.90 in,0.00 in,0.00 in,0.0,0 w/m²,051024,2024-10-05
06:14:00,45.0 °F,43.2 °F,94 %,West,0.9 mph,1.4 mph,29.90 in,0.00 in,0.00 in,0.0,0 w/m²,051024,2024-10-05
06:19:00,45.0 °F,43.2 °F,94 %,West,0.7 mph,1.1 mph,29.90 in,0.00 in,0.00 in,0.0,0 w/m²,051024,2024-10-05
06:24:00,44.9 °F,43.1 °F,94 %,WSW,0.9 mph,1.3 mph,29.90 in,0.00 in,0.00 in,0.0,0 w/m²,051024,2024-10-05
06:29:00,45.0 °F,43.2 °F,94 %,WSW,0.6 mph,1.1 mph,29.89 in,0.00 in,0.00 in,0.0,0 w/m²,051024,2024-10-05
06:34:00,45.0 °F,43.2 °F,94 %,West,0.8 mph,1.3 mph,29.90 in,0.00 in,0.00 in,0.0,0 w/m²,051024,2024-10-05
06:39:00,45.0 °F,43.2 °F,94 %,WSW,1.0 mph,1.5 mph,29.90 in,0.00 in,0.00 in,0.0,0 w/m²,051024,2024-10-05
06:44:00,45.0 °F,43.2 °F,94 %,WSW,1.4 mph,1.9 mph,29.89 in,0.00 in,0.00 in,0.0,0 w/m²,051024,2024-10-05
06:49:00,45.0 °F,43.1 °F,94 %,WSW,1.1 mph,1.7 mph,29.89 in,0.00 in,0.00 in,0.0,0 w/m²,051024,2024-10-05
06:54:00,45.0 °F,43.1 °F,93 %,West,0.8 mph,1.1 mph,29.89 in,0.00 in,0.00 in,0.0,0 w/m²,051024,2024-10-05
06:59:00,44.7 °F,42.8 °F,93 %,West,0.2 mph,0.5 mph,29.89 in,0.00 in,0.00 in,0.0,0 w/m²,051024,2024-10-05
07:04:00,44.5 °F,42.5 °F,93 %,West,0.3 mph,0.7 mph,29.89 in,0.00 in,0.00 in,0.0,0 w/m²,051024,2024-10-05
07:09:00,44.3 °F,42.4 °F,94 %,West,0.0 mph,0.1 mph,29.89 in,0.00 in,0.00 in,0.0,0 w/m²,051024,2024-10-05
07:14:00,44.3 °F,42.5 °F,94 %,West,0.0 mph,0.1 mph,29.89 in,0.00 in,0.00 in,0.0,0 w/m²,051024,2024-10-05
07:19:00,44.0 °F,42.2 °F,94 %,West,0.0 mph,0.0 mph,29.89 in,0.00 in,0.00 in,0.0,0 w/m²,051024,2024-10-05
07:24:00,43.6 °F,41.8 °F,94 %,West,0.0 mph,0.0 mph,29.89 in,0.00 in,0.00 in,0.0,0 w/m²,051024,2024-10-05
07:29:00,43.4 °F,41.6 °F,94 %,West,0.0 mph,0.0 mph,29.89 in,0.00 in,0.00 in,0.0,0.1 w/m²,051024,2024-10-05
07:34:00,43.3 °F,41.5 °F,94 %,West,0.1 mph,0.3 mph,29.89 in,0.00 in,0.00 in,0.0,0.2 w/m²,051024,2024-10-05
07:39:00,43.5 °F,42.1 °F,95 %,West,0.3 mph,0.4 mph,29.89 in,0.00 in,0.00 in,0.0,0.4 w/m²,051024,2024-10-05
07:44:00,43.8 °F,42.0 °F,94 %,West,0.7 mph,1.1 mph,29.89 in,0.00 in,0.00 in,0.0,0.9 w/m²,051024,2024-10-05
07:49:00,43.5 °F,41.7 °F,94 %,West,0.4 mph,1.0 mph,29.89 in,0.00 in,0.00 in,0.0,1.6 w/m²,051024,2024-10-05
07:54:00,43.3 °F,41.6 °F,94 %,West,0.4 mph,0.9 mph,29.89 in,0.00 in,0.00 in,0.0,2.8 w/m²,051024,2024-10-05
07:59:00,43.3 °F,41.8 °F,95 %,West,0.3 mph,0.5 mph,29.89 in,0.00 in,0.00 in,0.0,4.3 w/m²,051024,2024-10-05
08:04:00,43.5 °F,42.1 °F,95 %,West,0.6 mph,1.0 mph,29.89 in,0.00 in,0.00 in,0.0,6.2 w/m²,051024,2024-10-05
08:09:00,43.3 °F,41.9 °F,95 %,West,0.4 mph,0.9 mph,29.89 in,0.00 in,0.00 in,0.0,8.2 w/m²,051024,2024-10-05
08:14:00,43.5 °F,42.1 °F,95 %,West,0.7 mph,1.1 mph,29.89 in,0.07 in,0.01 in,0.0,10.4 w/m²,051024,2024-10-05
08:19:00,43.9 °F,42.4 °F,95 %,West,0.5 mph,1.0 mph,29.89 in,0.07 in,0.01 in,0.0,12.8 w/m²,051024,2024-10-05
08:24:00,44.3 °F,42.7 °F,95 %,West,0.1 mph,0.3 mph,29.89 in,0.07 in,0.01 in,0.0,15.4 w/m²,051024,2024-10-05
08:29:00,44.9 °F,43.3 °F,95 %,West,0.0 mph,0.0 mph,29.89 in,0.00 in,0.01 in,0.0,17.8 w/m²,051024,2024-10-05
08:34:00,45.5 °F,43.6 °F,94 %,West,0.1 mph,0.3 mph,29.88 in,0.00 in,0.01 in,0.0,20 w/m²,051024,2024-10-05
08:39:00,45.5 °F,43.5 °F,93 %,West,0.3 mph,0.7 mph,29.88 in,0.00 in,0.01 in,0.0,22.6 w/m²,051024,2024-10-05
08:44:00,45.8 °F,43.8 °F,92 %,West,0.4 mph,0.6 mph,29.88 in,0.00 in,0.01 in,0.0,26.1 w/m²,051024,2024-10-05
08:49:00,46.0 °F,43.8 °F,91 %,WSW,0.9 mph,1.4 mph,29.89 in,0.00 in,0.01 in,0.0,28.4 w/m²,051024,2024-10-05
08:54:00,46.4 °F,44.0 °F,91 %,WSW,1.2 mph,2.0 mph,29.88 in,0.00 in,0.01 in,0.0,32.7 w/m²,051024,2024-10-05
08:59:00,46.7 °F,44.0 °F,90 %,WSW,1.5 mph,2.0 mph,29.88 in,0.00 in,0.01 in,0.0,33.1 w/m²,051024,2024-10-05
09:04:00,47.0 °F,44.2 °F,90 %,West,1.3 mph,1.8 mph,29.89 in,0.00 in,0.01 in,0.0,35.7 w/m²,051024,2024-10-05
09:09:00,47.4 °F,44.3 °F,89 %,West,1.4 mph,2.0 mph,29.89 in,0.00 in,0.01 in,0.0,37 w/m²,051024,2024-10-05
09:14:00,47.9 °F,44.6 °F,88 %,West,1.1 mph,1.6 mph,29.89 in,0.00 in,0.01 in,0.0,39.8 w/m²,051024,2024-10-05
09:19:00,48.4 °F,44.9 °F,88 %,WSW,1.4 mph,1.9 mph,29.88 in,0.00 in,0.01 in,0.0,39.8 w/m²,051024,2024-10-05
09:24:00,48.9 °F,45.1 °F,87 %,WSW,1.2 mph,1.8 mph,29.88 in,0.00 in,0.01 in,0.0,38.8 w/m²,051024,2024-10-05
09:29:00,49.2 °F,45.2 °F,86 %,West,1.6 mph,2.1 mph,29.89 in,0.00 in,0.01 in,0.0,53.1 w/m²,051024,2024-10-05
09:34:00,49.8 °F,45.7 °F,86 %,WSW,1.3 mph,2.0 mph,29.89 in,0.00 in,0.01 in,0.0,61.4 w/m²,051024,2024-10-05
09:39:00,50.5 °F,46.1 °F,85 %,West,0.8 mph,1.1 mph,29.88 in,0.00 in,0.01 in,0.0,52.2 w/m²,051024,2024-10-05
09:44:00,50.9 °F,46.1 °F,84 %,West,1.2 mph,1.7 mph,29.89 in,0.00 in,0.01 in,0.0,78.9 w/m²,051024,2024-10-05
09:49:00,51.1 °F,46.0 °F,83 %,WSW,1.5 mph,2.0 mph,29.89 in,0.00 in,0.01 in,0.0,88.9 w/m²,051024,2024-10-05
09:54:00,51.3 °F,46.3 °F,83 %,WSW,1.8 mph,2.6 mph,29.88 in,0.00 in,0.01 in,0.0,98.8 w/m²,051024,2024-10-05
09:59:00,51.2 °F,46.3 °F,84 %,WSW,1.8 mph,2.3 mph,29.88 in,0.00 in,0.01 in,1.0,108.6 w/m²,051024,2024-10-05
10:04:00,51.5 °F,46.3 °F,83 %,WSW,1.5 mph,2.3 mph,29.88 in,0.00 in,0.01 in,1.0,117.9 w/m²,051024,2024-10-05
10:09:00,51.9 °F,46.8 °F,83 %,WSW,2.0 mph,2.8 mph,29.88 in,0.00 in,0.01 in,1.0,124.1 w/m²,051024,2024-10-05
10:14:00,51.8 °F,46.8 °F,83 %,WSW,2.2 mph,2.8 mph,29.88 in,0.00 in,0.01 in,1.0,128.5 w/m²,051024,2024-10-05
10:19:00,52.0 °F,46.8 °F,83 %,WSW,1.4 mph,2.2 mph,29.88 in,0.00 in,0.01 in,1.0,132.2 w/m²,051024,2024-10-05
10:24:00,52.6 °F,47.0 °F,82 %,WSW,1.5 mph,2.1 mph,29.88 in,0.00 in,0.01 in,1.0,135.7 w/m²,051024,2024-10-05
10:29:00,53.0 °F,47.6 °F,82 %,WSW,1.2 mph,1.8 mph,29.89 in,0.00 in,0.01 in,1.0,138.9 w/m²,051024,2024-10-05
10:34:00,52.9 °F,47.3 °F,81 %,WSW,1.7 mph,2.7 mph,29.88 in,0.00 in,0.01 in,1.0,143.1 w/m²,051024,2024-10-05
10:39:00,53.0 °F,47.3 °F,81 %,WSW,1.6 mph,2.2 mph,29.88 in,0.00 in,0.01 in,1.0,150.5 w/m²,051024,2024-10-05
10:44:00,53.1 °F,47.5 °F,82 %,WSW,1.7 mph,2.4 mph,29.89 in,0.00 in,0.01 in,1.0,159.3 w/m²,051024,2024-10-05
10:49:00,53.0 °F,47.6 °F,82 %,WSW,1.4 mph,2.1 mph,29.89 in,0.00 in,0.01 in,1.0,170.9 w/m²,051024,2024-10-05
10:54:00,53.1 °F,47.7 °F,82 %,WSW,1.5 mph,2.1 mph,29.89 in,0.00 in,0.01 in,1.0,182.5 w/m²,051024,2024-10-05
10:59:00,53.5 °F,48.4 °F,83 %,WSW,1.4 mph,2.2 mph,29.88 in,0.00 in,0.01 in,1.0,200.3 w/m²,051024,2024-10-05
11:04:00,53.8 °F,48.6 °F,83 %,WSW,1.0 mph,1.7 mph,29.89 in,0.00 in,0.01 in,2.0,220 w/m²,051024,2024-10-05
11:09:00,54.2 °F,48.5 °F,81 %,WSW,1.7 mph,2.3 mph,29.89 in,0.00 in,0.01 in,2.0,244.6 w/m²,051024,2024-10-05
11:14:00,54.1 °F,48.5 °F,81 %,WSW,1.3 mph,2.0 mph,29.89 in,0.00 in,0.01 in,2.0,264.7 w/m²,051024,2024-10-05
11:19:00,54.6 °F,48.7 °F,81 %,West,1.4 mph,1.9 mph,29.89 in,0.00 in,0.01 in,2.0,276 w/m²,051024,2024-10-05
11:24:00,54.4 °F,48.5 °F,81 %,West,1.1 mph,1.7 mph,29.88 in,0.00 in,0.01 in,2.0,282.6 w/m²,051024,2024-10-05
11:29:00,55.0 °F,49.0 °F,80 %,West,1.0 mph,1.4 mph,29.88 in,0.00 in,0.01 in,2.0,297.4 w/m²,051024,2024-10-05
11:34:00,55.2 °F,49.1 °F,80 %,WSW,1.0 mph,1.5 mph,29.88 in,0.00 in,0.01 in,2.0,302 w/m²,051024,2024-10-05
11:39:00,55.6 °F,49.2 °F,79 %,WSW,2.1 mph,2.8 mph,29.88 in,0.00 in,0.01 in,2.0,306.6 w/m²,051024,2024-10-05
11:44:00,54.9 °F,48.7 °F,80 %,WSW,1.5 mph,1.9 mph,29.88 in,0.00 in,0.01 in,3.0,315.1 w/m²,051024,2024-10-05
11:49:00,55.1 °F,49.0 °F,80 %,WSW,1.9 mph,2.5 mph,29.87 in,0.00 in,0.01 in,3.0,324.6 w/m²,051024,2024-10-05
11:54:00,55.2 °F,49.3 °F,80 %,WSW,1.4 mph,2.0 mph,29.87 in,0.00 in,0.01 in,3.0,325.8 w/m²,051024,2024-10-05
11:59:00,55.7 °F,49.3 °F,79 %,WSW,1.9 mph,2.8 mph,29.87 in,0.00 in,0.01 in,3.0,335 w/m²,051024,2024-10-05
12:04:00,56.0 °F,49.5 °F,79 %,WSW,1.9 mph,2.7 mph,29.87 in,0.00 in,0.01 in,3.0,335.7 w/m²,051024,2024-10-05
12:09:00,56.1 °F,49.4 °F,78 %,WSW,2.4 mph,3.4 mph,29.86 in,0.00 in,0.01 in,3.0,341.1 w/m²,051024,2024-10-05
12:14:00,56.4 °F,49.4 °F,77 %,WSW,1.6 mph,2.4 mph,29.87 in,0.00 in,0.01 in,3.0,342.8 w/m²,051024,2024-10-05
12:19:00,56.6 °F,49.4 °F,77 %,WSW,2.6 mph,3.6 mph,29.86 in,0.00 in,0.01 in,3.0,348.5 w/m²,051024,2024-10-05
12:24:00,56.6 °F,49.3 °F,77 %,WSW,2.1 mph,3.2 mph,29.86 in,0.00 in,0.01 in,3.0,352.4 w/m²,051024,2024-10-05
12:29:00,56.8 °F,49.6 °F,77 %,WSW,2.3 mph,3.2 mph,29.86 in,0.00 in,0.01 in,3.0,353 w/m²,051024,2024-10-05
12:34:00,57.2 °F,49.8 °F,76 %,WSW,2.1 mph,3.0 mph,29.86 in,0.00 in,0.01 in,3.0,359.5 w/m²,051024,2024-10-05
12:39:00,57.6 °F,49.8 °F,75 %,WSW,2.1 mph,3.1 mph,29.86 in,0.00 in,0.01 in,3.0,361.7 w/m²,051024,2024-10-05
12:44:00,58.0 °F,49.9 °F,74 %,WSW,2.1 mph,3.1 mph,29.86 in,0.00 in,0.01 in,3.0,361.2 w/m²,051024,2024-10-05
12:49:00,58.3 °F,49.9 °F,73 %,WSW,1.9 mph,2.7 mph,29.86 in,0.00 in,0.01 in,3.0,366.9 w/m²,051024,2024-10-05
12:54:00,58.9 °F,50.2 °F,73 %,WSW,1.7 mph,2.5 mph,29.86 in,0.00 in,0.01 in,3.0,366.1 w/m²,051024,2024-10-05
12:59:00,59.2 °F,50.3 °F,72 %,WSW,1.3 mph,1.7 mph,29.85 in,0.00 in,0.01 in,3.0,369.4 w/m²,051024,2024-10-05
13:04:00,59.8 °F,50.5 °F,71 %,WSW,1.6 mph,2.5 mph,29.85 in,0.00 in,0.01 in,3.0,370.9 w/m²,051024,2024-10-05
13:09:00,59.8 °F,50.1 °F,70 %,WSW,1.7 mph,2.6 mph,29.84 in,0.00 in,0.01 in,3.0,369.9 w/m²,051024,2024-10-05
13:14:00,59.9 °F,50.2 °F,70 %,WSW,1.1 mph,1.8 mph,29.84 in,0.00 in,0.01 in,3.0,368.3 w/m²,051024,2024-10-05
13:19:00,60.0 °F,50.2 °F,70 %,WSW,1.9 mph,3.0 mph,29.84 in,0.00 in,0.01 in,3.0,367.8 w/m²,051024,2024-10-05
13:24:00,60.1 °F,50.0 °F,69 %,WSW,1.8 mph,2.7 mph,29.84 in,0.00 in,0.01 in,3.0,377.8 w/m²,051024,2024-10-05
13:29:00,60.1 °F,50.5 °F,70 %,WSW,2.1 mph,3.1 mph,29.84 in,0.00 in,0.01 in,3.0,363.3 w/m²,051024,2024-10-05
13:34:00,60.4 °F,50.3 °F,69 %,WSW,2.0 mph,2.8 mph,29.83 in,0.00 in,0.01 in,3.0,359.9 w/m²,051024,2024-10-05
13:39:00,60.8 °F,50.6 °F,69 %,WSW,1.3 mph,1.8 mph,29.83 in,0.00 in,0.01 in,3.0,371.8 w/m²,051024,2024-10-05
13:44:00,60.6 °F,50.7 °F,70 %,WSW,2.2 mph,3.3 mph,29.83 in,0.00 in,0.01 in,3.0,370.3 w/m²,051024,2024-10-05
13:49:00,60.4 °F,50.7 °F,70 %,SW,2.9 mph,4.0 mph,29.82 in,0.00 in,0.01 in,3.0,368.6 w/m²,051024,2024-10-05
13:54:00,60.6 °F,50.4 °F,69 %,WSW,2.3 mph,3.2 mph,29.81 in,0.00 in,0.01 in,3.0,387.5 w/m²,051024,2024-10-05
13:59:00,61.1 °F,50.5 °F,68 %,SW,2.7 mph,3.8 mph,29.81 in,0.00 in,0.01 in,3.0,383 w/m²,051024,2024-10-05
14:04:00,60.3 °F,50.4 °F,70 %,WSW,1.9 mph,2.8 mph,29.81 in,0.00 in,0.01 in,3.0,329.1 w/m²,051024,2024-10-05
14:09:00,59.5 °F,49.7 °F,70 %,WSW,1.9 mph,2.7 mph,29.81 in,0.00 in,0.01 in,3.0,373.5 w/m²,051024,2024-10-05
14:14:00,59.8 °F,49.5 °F,69 %,WSW,1.9 mph,2.7 mph,29.81 in,0.00 in,0.01 in,3.0,357.9 w/m²,051024,2024-10-05
14:19:00,60.4 °F,49.4 °F,67 %,WSW,2.2 mph,3.1 mph,29.81 in,0.00 in,0.01 in,3.0,380.2 w/m²,051024,2024-10-05
14:24:00,61.1 °F,49.8 °F,66 %,WSW,2.9 mph,4.0 mph,29.81 in,0.00 in,0.01 in,3.0,381.3 w/m²,051024,2024-10-05
14:29:00,62.0 °F,50.1 °F,65 %,WSW,1.7 mph,2.4 mph,29.80 in,0.00 in,0.01 in,3.0,375.5 w/m²,051024,2024-10-05
14:34:00,62.6 °F,50.0 °F,63 %,WSW,1.8 mph,2.7 mph,29.80 in,0.00 in,0.01 in,3.0,374.8 w/m²,051024,2024-10-05
14:39:00,62.5 °F,50.0 °F,64 %,WSW,2.6 mph,4.1 mph,29.80 in,0.00 in,0.01 in,3.0,358.4 w/m²,051024,2024-10-05
14:44:00,61.8 °F,49.7 °F,64 %,SW,3.3 mph,4.5 mph,29.80 in,0.00 in,0.01 in,3.0,355.1 w/m²,051024,2024-10-05
14:49:00,62.5 °F,49.7 °F,63 %,WSW,1.7 mph,2.4 mph,29.79 in,0.00 in,0.01 in,3.0,339.3 w/m²,051024,2024-10-05
14:54:00,62.5 °F,49.9 °F,63 %,SSW,2.8 mph,3.7 mph,29.79 in,0.00 in,0.01 in,3.0,359.6 w/m²,051024,2024-10-05
14:59:00,61.9 °F,49.7 °F,64 %,South,3.0 mph,4.1 mph,29.79 in,0.00 in,0.01 in,3.0,351.5 w/m²,051024,2024-10-05
15:04:00,62.3 °F,49.3 °F,63 %,SSE,2.9 mph,4.3 mph,29.79 in,0.00 in,0.01 in,3.0,345 w/m²,051024,2024-10-05
15:09:00,61.0 °F,48.9 °F,65 %,South,2.8 mph,3.9 mph,29.79 in,0.00 in,0.01 in,1.0,111.5 w/m²,051024,2024-10-05
15:14:00,60.3 °F,48.7 °F,66 %,SSE,2.8 mph,3.9 mph,29.78 in,0.00 in,0.01 in,3.0,320.9 w/m²,051024,2024-10-05
15:19:00,60.4 °F,48.6 °F,65 %,SSW,1.4 mph,2.1 mph,29.78 in,0.00 in,0.01 in,2.0,303.3 w/m²,051024,2024-10-05
15:24:00,60.8 °F,48.6 °F,64 %,SSE,2.3 mph,3.5 mph,29.78 in,0.00 in,0.01 in,3.0,327.7 w/m²,051024,2024-10-05
15:29:00,61.4 °F,48.7 °F,63 %,SSE,3.3 mph,4.3 mph,29.78 in,0.00 in,0.01 in,3.0,327 w/m²,051024,2024-10-05
15:34:00,61.6 °F,48.5 °F,62 %,SSE,3.3 mph,4.6 mph,29.78 in,0.00 in,0.01 in,3.0,313.6 w/m²,051024,2024-10-05
15:39:00,62.3 °F,48.8 °F,61 %,SSE,2.7 mph,3.7 mph,29.78 in,0.00 in,0.01 in,3.0,311.8 w/m²,051024,2024-10-05
15:44:00,61.4 °F,48.4 °F,62 %,SSE,3.5 mph,4.6 mph,29.78 in,0.00 in,0.01 in,2.0,270.4 w/m²,051024,2024-10-05
15:49:00,61.4 °F,48.6 °F,63 %,SSE,2.8 mph,4.2 mph,29.78 in,0.00 in,0.01 in,2.0,298 w/m²,051024,2024-10-05
15:54:00,62.4 °F,48.2 °F,60 %,South,2.8 mph,4.0 mph,29.77 in,0.00 in,0.01 in,2.0,286.9 w/m²,051024,2024-10-05
15:59:00,62.7 °F,48.3 °F,59 %,SSE,2.6 mph,4.1 mph,29.77 in,0.00 in,0.01 in,2.0,265.4 w/m²,051024,2024-10-05
16:04:00,62.7 °F,48.6 °F,60 %,South,3.0 mph,4.0 mph,29.77 in,0.00 in,0.01 in,2.0,255.2 w/m²,051024,2024-10-05
16:09:00,61.4 °F,48.5 °F,62 %,SSE,2.9 mph,4.0 mph,29.77 in,0.00 in,0.01 in,2.0,248 w/m²,051024,2024-10-05
16:14:00,61.6 °F,48.7 °F,63 %,SSE,2.3 mph,3.0 mph,29.77 in,0.00 in,0.01 in,2.0,258 w/m²,051024,2024-10-05
16:19:00,61.3 °F,49.1 °F,64 %,SE,2.5 mph,3.6 mph,29.77 in,0.00 in,0.01 in,2.0,225.3 w/m²,051024,2024-10-05
16:24:00,62.0 °F,49.4 °F,63 %,SSE,3.8 mph,5.0 mph,29.77 in,0.00 in,0.01 in,2.0,227.4 w/m²,051024,2024-10-05
16:29:00,61.9 °F,48.9 °F,62 %,SSE,3.2 mph,4.1 mph,29.76 in,0.00 in,0.01 in,2.0,222.6 w/m²,051024,2024-10-05
16:34:00,62.0 °F,48.8 °F,62 %,SE,3.8 mph,5.5 mph,29.77 in,0.00 in,0.01 in,2.0,224.8 w/m²,051024,2024-10-05
16:39:00,61.8 °F,49.0 °F,63 %,SSE,3.4 mph,4.7 mph,29.76 in,0.00 in,0.01 in,1.0,189.6 w/m²,051024,2024-10-05
16:44:00,61.6 °F,48.9 °F,63 %,SSE,3.0 mph,4.2 mph,29.76 in,0.00 in,0.01 in,1.0,168.4 w/m²,051024,2024-10-05
16:49:00,61.7 °F,48.8 °F,62 %,SSE,3.4 mph,4.5 mph,29.76 in,0.00 in,0.01 in,1.0,148.5 w/m²,051024,2024-10-05
16:54:00,60.8 °F,48.1 °F,63 %,SSE,3.3 mph,4.7 mph,29.76 in,0.00 in,0.01 in,1.0,130.1 w/m²,051024,2024-10-05
16:59:00,59.5 °F,48.0 °F,65 %,SSE,2.0 mph,2.5 mph,29.76 in,0.00 in,0.01 in,0.0,52.3 w/m²,051024,2024-10-05
17:04:00,59.3 °F,47.0 °F,64 %,South,2.3 mph,3.2 mph,29.76 in,0.00 in,0.01 in,1.0,120.6 w/m²,051024,2024-10-05
17:09:00,60.3 °F,47.4 °F,63 %,South,2.3 mph,3.2 mph,29.76 in,0.00 in,0.01 in,0.0,95.9 w/m²,051024,2024-10-05
17:14:00,60.5 °F,47.8 °F,63 %,South,2.1 mph,2.9 mph,29.76 in,0.00 in,0.01 in,0.0,87.9 w/m²,051024,2024-10-05
17:19:00,60.3 °F,47.8 °F,63 %,SSE,2.6 mph,3.6 mph,29.76 in,0.00 in,0.01 in,0.0,82.3 w/m²,051024,2024-10-05
17:24:00,60.6 °F,48.2 °F,63 %,SSE,2.5 mph,3.3 mph,29.76 in,0.00 in,0.01 in,0.0,78.1 w/m²,051024,2024-10-05
17:29:00,60.7 °F,48.2 °F,63 %,SSE,2.8 mph,3.8 mph,29.75 in,0.00 in,0.01 in,0.0,67.6 w/m²,051024,2024-10-05
17:34:00,60.6 °F,47.5 °F,62 %,SSE,3.3 mph,4.6 mph,29.75 in,0.00 in,0.01 in,0.0,59.1 w/m²,051024,2024-10-05
17:39:00,60.3 °F,47.5 °F,63 %,SE,2.7 mph,4.0 mph,29.75 in,0.00 in,0.01 in,0.0,57 w/m²,051024,2024-10-05
17:44:00,60.1 °F,47.7 °F,64 %,SE,3.5 mph,4.7 mph,29.75 in,0.00 in,0.01 in,0.0,52.4 w/m²,051024,2024-10-05
17:49:00,59.7 °F,47.7 °F,64 %,SSE,2.1 mph,3.0 mph,29.75 in,0.00 in,0.01 in,0.0,49.2 w/m²,051024,2024-10-05
17:54:00,59.7 °F,47.8 °F,65 %,South,2.0 mph,2.5 mph,29.74 in,0.00 in,0.01 in,0.0,47.6 w/m²,051024,2024-10-05
17:59:00,59.6 °F,47.5 °F,64 %,SSE,2.7 mph,3.7 mph,29.74 in,0.00 in,0.01 in,0.0,44.8 w/m²,051024,2024-10-05
18:04:00,59.4 °F,47.7 °F,65 %,SSE,2.3 mph,3.3 mph,29.74 in,0.00 in,0.01 in,0.0,44.1 w/m²,051024,2024-10-05
18:09:00,59.2 °F,47.5 °F,65 %,SSE,2.5 mph,3.6 mph,29.74 in,0.00 in,0.01 in,0.0,38.3 w/m²,051024,2024-10-05
18:14:00,59.0 °F,47.7 °F,66 %,South,1.7 mph,2.4 mph,29.74 in,0.00 in,0.01 in,0.0,37.3 w/m²,051024,2024-10-05
18:19:00,58.7 °F,47.8 °F,67 %,SSE,1.9 mph,2.4 mph,29.74 in,0.00 in,0.01 in,0.0,37.3 w/m²,051024,2024-10-05
18:24:00,58.3 °F,47.7 °F,68 %,SSE,1.9 mph,2.4 mph,29.73 in,0.00 in,0.01 in,0.0,35.1 w/m²,051024,2024-10-05
18:29:00,58.1 °F,47.8 °F,68 %,SSE,1.9 mph,2.4 mph,29.73 in,0.00 in,0.01 in,0.0,30.2 w/m²,051024,2024-10-05
18:34:00,57.8 °F,47.8 °F,69 %,SSE,1.5 mph,2.2 mph,29.73 in,0.00 in,0.01 in,0.0,26.2 w/m²,051024,2024-10-05
18:39:00,57.4 °F,47.7 °F,70 %,SSE,1.7 mph,2.4 mph,29.73 in,0.00 in,0.01 in,0.0,23 w/m²,051024,2024-10-05
18:44:00,56.9 °F,47.6 °F,71 %,SSW,1.0 mph,1.3 mph,29.73 in,0.00 in,0.01 in,0.0,19.9 w/m²,051024,2024-10-05
18:49:00,56.6 °F,47.4 °F,71 %,South,1.4 mph,2.1 mph,29.72 in,0.00 in,0.01 in,0.0,17 w/m²,051024,2024-10-05
18:54:00,56.3 °F,47.3 °F,72 %,SSE,1.8 mph,2.6 mph,29.72 in,0.00 in,0.01 in,0.0,14.5 w/m²,051024,2024-10-05
18:59:00,55.9 °F,47.0 °F,72 %,SSE,1.9 mph,2.6 mph,29.72 in,0.00 in,0.01 in,0.0,11.8 w/m²,051024,2024-10-05
19:04:00,55.5 °F,47.0 °F,73 %,SSE,1.8 mph,2.4 mph,29.72 in,0.00 in,0.01 in,0.0,9.2 w/m²,051024,2024-10-05
19:09:00,55.0 °F,46.9 °F,74 %,SSE,1.7 mph,2.3 mph,29.72 in,0.00 in,0.01 in,0.0,6.9 w/m²,051024,2024-10-05
19:14:00,54.7 °F,46.6 °F,74 %,SSE,1.6 mph,2.3 mph,29.71 in,0.00 in,0.01 in,0.0,4.8 w/m²,051024,2024-10-05
19:19:00,54.3 °F,46.3 °F,74 %,SSE,2.0 mph,2.7 mph,29.72 in,0.00 in,0.01 in,0.0,3.1 w/m²,051024,2024-10-05
19:24:00,54.1 °F,46.1 °F,74 %,SSE,1.8 mph,2.5 mph,29.72 in,0.00 in,0.01 in,0.0,1.9 w/m²,051024,2024-10-05
19:29:00,54.0 °F,46.1 °F,75 %,SSE,2.0 mph,2.7 mph,29.72 in,0.00 in,0.01 in,0.0,1 w/m²,051024,2024-10-05
19:34:00,53.8 °F,46.0 °F,75 %,South,1.8 mph,2.7 mph,29.71 in,0.00 in,0.01 in,0.0,0.5 w/m²,051024,2024-10-05
19:39:00,53.6 °F,45.9 °F,75 %,SSE,1.7 mph,2.1 mph,29.72 in,0.00 in,0.01 in,0.0,0.2 w/m²,051024,2024-10-05
19:44:00,53.3 °F,45.9 °F,76 %,South,1.4 mph,1.9 mph,29.72 in,0.00 in,0.01 in,0.0,0.1 w/m²,051024,2024-10-05
19:49:00,53.2 °F,45.8 °F,76 %,SSE,2.0 mph,2.6 mph,29.72 in,0.00 in,0.01 in,0.0,0 w/m²,051024,2024-10-05
19:54:00,53.1 °F,45.8 °F,76 %,South,1.2 mph,1.7 mph,29.72 in,0.00 in,0.01 in,0.0,0 w/m²,051024,2024-10-05
19:59:00,52.6 °F,45.6 °F,77 %,South,1.5 mph,2.1 mph,29.72 in,0.00 in,0.01 in,0.0,0 w/m²,051024,2024-10-05
20:04:00,52.3 °F,45.5 °F,78 %,SSW,1.4 mph,1.8 mph,29.71 in,0.00 in,0.01 in,0.0,0 w/m²,051024,2024-10-05
20:09:00,52.2 °F,45.3 °F,77 %,SSW,1.0 mph,1.5 mph,29.71 in,0.00 in,0.01 in,0.0,0 w/m²,051024,2024-10-05
20:14:00,51.8 °F,45.1 °F,78 %,SSW,0.5 mph,1.2 mph,29.71 in,0.00 in,0.01 in,0.0,0 w/m²,051024,2024-10-05
20:19:00,51.3 °F,45.1 °F,79 %,SSW,1.3 mph,1.8 mph,29.71 in,0.00 in,0.01 in,0.0,0 w/m²,051024,2024-10-05
20:24:00,51.3 °F,45.3 °F,80 %,South,1.3 mph,1.9 mph,29.71 in,0.00 in,0.01 in,0.0,0 w/m²,051024,2024-10-05
20:29:00,51.3 °F,45.3 °F,80 %,SSW,1.2 mph,1.6 mph,29.71 in,0.00 in,0.01 in,0.0,0 w/m²,051024,2024-10-05
20:34:00,51.3 °F,45.0 °F,79 %,SSW,0.7 mph,1.3 mph,29.71 in,0.00 in,0.01 in,0.0,0 w/m²,051024,2024-10-05
20:39:00,50.8 °F,44.7 °F,80 %,SSW,0.3 mph,0.7 mph,29.71 in,0.00 in,0.01 in,0.0,0 w/m²,051024,2024-10-05
20:44:00,50.3 °F,44.5 °F,80 %,SSW,0.3 mph,0.6 mph,29.71 in,0.00 in,0.01 in,0.0,0 w/m²,051024,2024-10-05
20:49:00,50.1 °F,44.5 °F,81 %,SSW,0.2 mph,0.4 mph,29.71 in,0.00 in,0.01 in,0.0,0 w/m²,051024,2024-10-05
20:54:00,49.8 °F,44.5 °F,82 %,SSW,0.6 mph,0.9 mph,29.71 in,0.00 in,0.01 in,0.0,0 w/m²,051024,2024-10-05
20:59:00,49.9 °F,44.7 °F,82 %,SSW,1.1 mph,1.6 mph,29.71 in,0.00 in,0.01 in,0.0,0 w/m²,051024,2024-10-05
21:04:00,49.9 °F,44.4 °F,81 %,SSW,0.5 mph,1.1 mph,29.71 in,0.00 in,0.01 in,0.0,0 w/m²,051024,2024-10-05
21:09:00,49.6 °F,44.3 °F,82 %,SSW,0.6 mph,1.1 mph,29.71 in,0.00 in,0.01 in,0.0,0 w/m²,051024,2024-10-05
21:14:00,49.6 °F,44.4 °F,82 %,SSW,1.1 mph,1.4 mph,29.71 in,0.00 in,0.01 in,0.0,0 w/m²,051024,2024-10-05
21:19:00,49.8 °F,44.6 °F,82 %,South,1.5 mph,2.0 mph,29.71 in,0.00 in,0.01 in,0.0,0 w/m²,051024,2024-10-05
21:24:00,50.2 °F,44.6 °F,81 %,SSW,1.4 mph,1.8 mph,29.70 in,0.00 in,0.01 in,0.0,0 w/m²,051024,2024-10-05
21:29:00,50.3 °F,44.5 °F,81 %,South,1.7 mph,2.4 mph,29.71 in,0.00 in,0.01 in,0.0,0 w/m²,051024,2024-10-05
21:34:00,50.0 °F,44.2 °F,80 %,SW,0.2 mph,0.6 mph,29.71 in,0.00 in,0.01 in,0.0,0 w/m²,051024,2024-10-05
21:39:00,49.5 °F,44.0 °F,81 %,SSW,0.5 mph,0.8 mph,29.71 in,0.00 in,0.01 in,0.0,0 w/m²,051024,2024-10-05
21:44:00,49.4 °F,44.2 °F,82 %,SSW,1.2 mph,1.7 mph,29.71 in,0.00 in,0.01 in,0.0,0 w/m²,051024,2024-10-05
21:49:00,49.5 °F,44.2 °F,82 %,South,1.7 mph,2.2 mph,29.70 in,0.00 in,0.01 in,0.0,0 w/m²,051024,2024-10-05
21:54:00,49.5 °F,44.3 °F,82 %,South,1.9 mph,2.6 mph,29.70 in,0.00 in,0.01 in,0.0,0 w/m²,051024,2024-10-05
21:59:00,49.6 °F,44.2 °F,81 %,South,1.7 mph,2.4 mph,29.70 in,0.00 in,0.01 in,0.0,0 w/m²,051024,2024-10-05
22:04:00,49.6 °F,44.2 °F,81 %,South,1.5 mph,2.3 mph,29.70 in,0.00 in,0.01 in,0.0,0 w/m²,051024,2024-10-05
22:09:00,49.6 °F,44.2 °F,81 %,South,1.7 mph,2.5 mph,29.70 in,0.00 in,0.01 in,0.0,0 w/m²,051024,2024-10-05
22:14:00,49.6 °F,44.2 °F,81 %,SSE,2.0 mph,2.9 mph,29.70 in,0.00 in,0.01 in,0.0,0 w/m²,051024,2024-10-05
22:19:00,49.8 °F,44.2 °F,81 %,South,1.9 mph,2.8 mph,29.69 in,0.00 in,0.01 in,0.0,0 w/m²,051024,2024-10-05
22:24:00,49.9 °F,44.1 °F,80 %,South,2.3 mph,3.2 mph,29.69 in,0.00 in,0.01 in,0.0,0 w/m²,051024,2024-10-05
22:29:00,50.0 °F,44.1 °F,80 %,South,1.9 mph,3.0 mph,29.69 in,0.00 in,0.01 in,0.0,0 w/m²,051024,2024-10-05
22:34:00,49.8 °F,44.1 °F,80 %,South,1.7 mph,2.7 mph,29.69 in,0.00 in,0.01 in,0.0,0 w/m²,051024,2024-10-05
22:39:00,49.8 °F,44.2 °F,81 %,South,1.9 mph,2.7 mph,29.69 in,0.00 in,0.01 in,0.0,0 w/m²,051024,2024-10-05
22:44:00,49.6 °F,44.1 °F,81 %,South,1.8 mph,2.7 mph,29.68 in,0.00 in,0.01 in,0.0,0 w/m²,051024,2024-10-05
22:49:00,49.6 °F,44.0 °F,81 %,South,1.8 mph,2.9 mph,29.69 in,0.00 in,0.01 in,0.0,0 w/m²,051024,2024-10-05
22:54:00,49.5 °F,44.0 °F,81 %,South,2.1 mph,3.0 mph,29.68 in,0.00 in,0.01 in,0.0,0 w/m²,051024,2024-10-05
22:59:00,49.4 °F,44.0 °F,82 %,South,2.0 mph,2.9 mph,29.68 in,0.00 in,0.01 in,0.0,0 w/m²,051024,2024-10-05
23:04:00,49.3 °F,44.1 °F,82 %,SSW,1.8 mph,2.6 mph,29.68 in,0.00 in,0.01 in,0.0,0 w/m²,051024,2024-10-05
23:09:00,49.1 °F,43.9 °F,82 %,South,1.6 mph,2.4 mph,29.68 in,0.00 in,0.01 in,0.0,0 w/m²,051024,2024-10-05
23:14:00,48.9 °F,43.8 °F,82 %,South,1.5 mph,2.2 mph,29.68 in,0.00 in,0.01 in,0.0,0 w/m²,051024,2024-10-05
23:19:00,48.7 °F,43.7 °F,83 %,South,1.6 mph,2.4 mph,29.68 in,0.00 in,0.01 in,0.0,0 w/m²,051024,2024-10-05
23:24:00,48.6 °F,43.5 °F,83 %,South,1.7 mph,2.3 mph,29.68 in,0.00 in,0.01 in,0.0,0 w/m²,051024,2024-10-05
23:29:00,48.4 °F,43.6 °F,84 %,SSW,1.5 mph,2.2 mph,29.68 in,0.00 in,0.01 in,0.0,0 w/m²,051024,2024-10-05
23:34:00,48.3 °F,43.6 °F,84 %,South,1.4 mph,2.1 mph,29.68 in,0.00 in,0.01 in,0.0,0 w/m²,051024,2024-10-05
23:39:00,48.2 °F,43.5 °F,84 %,South,1.4 mph,2.1 mph,29.68 in,0.00 in,0.01 in,0.0,0 w/m²,051024,2024-10-05
23:44:00,48.0 °F,43.3 °F,84 %,SSW,1.6 mph,2.2 mph,29.68 in,0.00 in,0.01 in,0.0,0 w/m²,051024,2024-10-05
23:49:00,48.0 °F,43.3 °F,84 %,South,1.9 mph,2.6 mph,29.68 in,0.00 in,0.01 in,0.0,0 w/m²,051024,2024-10-05
23:54:00,47.8 °F,43.4 °F,85 %,South,1.7 mph,2.3 mph,29.68 in,0.00 in,0.01 in,0.0,0 w/m²,051024,2024-10-05
23:59:00,47.7 °F,43.3 °F,85 %,South,1.8 mph,2.5 mph,29.68 in,0.00 in,0.01 in,0.0,0 w/m²,051024,2024-10-05
00:04:00,47.5 °F,43.3 °F,85 %,South,1.5 mph,2.3 mph,29.68 in,0.00 in,0.00 in,0.0,0 w/m²,061024,2024-10-06
00:09:00,47.3 °F,43.3 °F,86 %,South,2.2 mph,3.1 mph,29.67 in,0.00 in,0.00 in,0.0,0 w/m²,061024,2024-10-06
00:14:00,47.3 °F,43.3 °F,86 %,South,1.9 mph,2.6 mph,29.67 in,0.00 in,0.00 in,0.0,0 w/m²,061024,2024-10-06
00:19:00,47.2 °F,43.3 °F,86 %,South,1.5 mph,2.3 mph,29.67 in,0.00 in,0.00 in,0.0,0 w/m²,061024,2024-10-06
00:24:00,47.2 °F,43.3 °F,86 %,South,1.8 mph,2.6 mph,29.67 in,0.00 in,0.00 in,0.0,0 w/m²,061024,2024-10-06
00:29:00,47.1 °F,43.5 °F,87 %,SSE,2.3 mph,3.1 mph,29.66 in,0.00 in,0.00 in,0.0,0 w/m²,061024,2024-10-06
00:34:00,47.1 °F,43.5 °F,87 %,SSE,2.1 mph,3.0 mph,29.66 in,0.00 in,0.00 in,0.0,0 w/m²,061024,2024-10-06
00:39:00,47.1 °F,43.5 °F,87 %,South,2.1 mph,3.1 mph,29.66 in,0.00 in,0.00 in,0.0,0 w/m²,061024,2024-10-06
00:44:00,47.0 °F,43.4 °F,87 %,South,2.2 mph,3.1 mph,29.66 in,0.00 in,0.00 in,0.0,0 w/m²,061024,2024-10-06
00:49:00,46.9 °F,43.3 °F,87 %,South,2.1 mph,3.2 mph,29.66 in,0.00 in,0.00 in,0.0,0 w/m²,061024,2024-10-06
00:54:00,46.9 °F,43.3 °F,87 %,SSE,2.1 mph,3.0 mph,29.65 in,0.00 in,0.00 in,0.0,0 w/m²,061024,2024-10-06
00:59:00,46.8 °F,43.2 °F,87 %,South,1.8 mph,2.6 mph,29.65 in,0.00 in,0.00 in,0.0,0 w/m²,061024,2024-10-06
01:04:00,46.8 °F,43.2 °F,87 %,South,2.2 mph,3.1 mph,29.65 in,0.00 in,0.00 in,0.0,0 w/m²,061024,2024-10-06
01:09:00,46.8 °F,43.2 °F,87 %,South,1.8 mph,2.6 mph,29.65 in,0.00 in,0.00 in,0.0,0 w/m²,061024,2024-10-06
01:14:00,46.9 °F,43.3 °F,87 %,South,2.0 mph,2.8 mph,29.65 in,0.00 in,0.00 in,0.0,0 w/m²,061024,2024-10-06
01:19:00,46.8 °F,43.2 °F,87 %,South,1.2 mph,2.0 mph,29.65 in,0.00 in,0.00 in,0.0,0 w/m²,061024,2024-10-06
01:24:00,46.6 °F,43.0 °F,87 %,SSW,1.5 mph,2.3 mph,29.65 in,0.00 in,0.00 in,0.0,0 w/m²,061024,2024-10-06
01:29:00,46.6 °F,43.0 °F,87 %,South,1.9 mph,2.4 mph,29.65 in,0.00 in,0.00 in,0.0,0 w/m²,061024,2024-10-06
01:34:00,46.6 °F,43.0 °F,87 %,SSW,1.3 mph,2.0 mph,29.64 in,0.00 in,0.00 in,0.0,0 w/m²,061024,2024-10-06
01:39:00,46.4 °F,43.0 °F,88 %,South,1.4 mph,2.2 mph,29.64 in,0.00 in,0.00 in,0.0,0 w/m²,061024,2024-10-06
01:44:00,46.4 °F,43.0 °F,88 %,South,1.7 mph,2.5 mph,29.64 in,0.00 in,0.00 in,0.0,0 w/m²,061024,2024-10-06
01:49:00,46.3 °F,42.9 °F,88 %,South,1.5 mph,2.2 mph,29.64 in,0.00 in,0.00 in,0.0,0 w/m²,061024,2024-10-06
01:54:00,46.2 °F,42.8 °F,88 %,SSW,1.5 mph,2.2 mph,29.64 in,0.00 in,0.00 in,0.0,0 w/m²,061024,2024-10-06
01:59:00,46.4 °F,43.0 °F,88 %,South,1.8 mph,2.8 mph,29.64 in,0.00 in,0.00 in,0.0,0 w/m²,061024,2024-10-06
02:04:00,46.5 °F,43.0 °F,87 %,South,2.2 mph,3.2 mph,29.64 in,0.00 in,0.00 in,0.0,0 w/m²,061024,2024-10-06
02:09:00,46.6 °F,43.0 °F,87 %,SSE,2.5 mph,3.6 mph,29.63 in,0.00 in,0.00 in,0.0,0 w/m²,061024,2024-10-06
02:14:00,46.7 °F,43.1 °F,87 %,SSE,2.5 mph,3.4 mph,29.63 in,0.00 in,0.00 in,0.0,0 w/m²,061024,2024-10-06
02:19:00,46.8 °F,43.2 °F,87 %,SSE,3.1 mph,4.2 mph,29.63 in,0.00 in,0.00 in,0.0,0 w/m²,061024,2024-10-06
02:24:00,46.8 °F,43.2 °F,87 %,SSE,2.9 mph,4.2 mph,29.63 in,0.00 in,0.00 in,0.0,0 w/m²,061024,2024-10-06
02:29:00,46.8 °F,43.2 °F,87 %,South,2.6 mph,3.7 mph,29.62 in,0.00 in,0.00 in,0.0,0 w/m²,061024,2024-10-06
02:34:00,46.8 °F,43.2 °F,87 %,SSE,2.6 mph,3.8 mph,29.62 in,0.00 in,0.00 in,0.0,0 w/m²,061024,2024-10-06
02:39:00,46.9 °F,43.1 °F,87 %,SSE,2.7 mph,3.8 mph,29.62 in,0.00 in,0.00 in,0.0,0 w/m²,061024,2024-10-06
02:44:00,47.1 °F,43.2 °F,86 %,SSE,3.1 mph,4.7 mph,29.62 in,0.00 in,0.00 in,0.0,0 w/m²,061024,2024-10-06
02:49:00,47.3 °F,43.1 °F,85 %,SSE,3.1 mph,4.3 mph,29.62 in,0.00 in,0.00 in,0.0,0 w/m²,061024,2024-10-06
02:54:00,47.1 °F,43.0 °F,86 %,South,2.1 mph,3.0 mph,29.61 in,0.00 in,0.00 in,0.0,0 w/m²,061024,2024-10-06
02:59:00,46.8 °F,42.8 °F,86 %,South,2.5 mph,3.6 mph,29.62 in,0.00 in,0.00 in,0.0,0 w/m²,061024,2024-10-06
03:04:00,46.6 °F,42.8 °F,86 %,South,2.4 mph,3.4 mph,29.62 in,0.00 in,0.00 in,0.0,0 w/m²,061024,2024-10-06
03:09:00,46.4 °F,42.8 °F,87 %,South,2.0 mph,2.8 mph,29.61 in,0.00 in,0.00 in,0.0,0 w/m²,061024,2024-10-06
03:14:00,46.4 °F,42.8 °F,87 %,South,2.4 mph,3.2 mph,29.60 in,0.00 in,0.00 in,0.0,0 w/m²,061024,2024-10-06
03:19:00,46.3 °F,42.8 °F,87 %,SSE,2.5 mph,3.4 mph,29.60 in,0.00 in,0.00 in,0.0,0 w/m²,061024,2024-10-06
03:24:00,46.5 °F,42.9 °F,87 %,South,2.5 mph,3.7 mph,29.60 in,0.00 in,0.00 in,0.0,0 w/m²,061024,2024-10-06
03:29:00,46.7 °F,43.0 °F,87 %,SSE,3.3 mph,4.5 mph,29.59 in,0.00 in,0.00 in,0.0,0 w/m²,061024,2024-10-06
03:34:00,46.8 °F,42.8 °F,86 %,SSE,3.6 mph,4.9 mph,29.59 in,0.00 in,0.00 in,0.0,0 w/m²,061024,2024-10-06
03:39:00,46.9 °F,43.0 °F,86 %,SSE,3.4 mph,5.3 mph,29.59 in,0.00 in,0.00 in,0.0,0 w/m²,061024,2024-10-06
03:44:00,46.8 °F,42.8 °F,86 %,SSE,3.0 mph,3.8 mph,29.59 in,0.00 in,0.00 in,0.0,0 w/m²,061024,2024-10-06
03:49:00,46.7 °F,42.7 °F,86 %,SE,3.5 mph,5.2 mph,29.59 in,0.00 in,0.00 in,0.0,0 w/m²,061024,2024-10-06
03:54:00,46.6 °F,42.7 °F,86 %,SE,3.6 mph,5.3 mph,29.58 in,0.00 in,0.00 in,0.0,0 w/m²,061024,2024-10-06
03:59:00,46.8 °F,42.8 °F,86 %,SSE,3.5 mph,4.8 mph,29.58 in,0.00 in,0.00 in,0.0,0 w/m²,061024,2024-10-06
04:04:00,46.7 °F,42.8 °F,86 %,SSE,3.3 mph,4.7 mph,29.58 in,0.00 in,0.00 in,0.0,0 w/m²,061024,2024-10-06
04:09:00,46.5 °F,42.9 °F,87 %,SSE,3.3 mph,5.0 mph,29.57 in,0.00 in,0.00 in,0.0,0 w/m²,061024,2024-10-06
04:14:00,46.4 °F,42.8 °F,87 %,SSE,3.4 mph,4.8 mph,29.57 in,0.00 in,0.00 in,0.0,0 w/m²,061024,2024-10-06
04:19:00,46.6 °F,43.0 °F,87 %,SSE,2.8 mph,4.0 mph,29.57 in,0.00 in,0.00 in,0.0,0 w/m²,061024,2024-10-06
04:24:00,46.6 °F,43.0 °F,87 %,SSE,3.6 mph,5.0 mph,29.57 in,0.00 in,0.00 in,0.0,0 w/m²,061024,2024-10-06
04:29:00,46.7 °F,42.9 °F,86 %,SSE,3.1 mph,4.5 mph,29.56 in,0.00 in,0.00 in,0.0,0 w/m²,061024,2024-10-06
04:34:00,46.5 °F,42.9 °F,87 %,SSE,3.1 mph,4.5 mph,29.56 in,0.00 in,0.00 in,0.0,0 w/m²,061024,2024-10-06
04:39:00,46.4 °F,42.8 °F,87 %,South,2.1 mph,2.9 mph,29.56 in,0.00 in,0.00 in,0.0,0 w/m²,061024,2024-10-06
04:44:00,46.4 °F,42.8 °F,87 %,South,2.3 mph,3.3 mph,29.56 in,0.00 in,0.00 in,0.0,0 w/m²,061024,2024-10-06
04:49:00,46.6 °F,43.0 °F,87 %,SSE,2.6 mph,3.9 mph,29.57 in,0.00 in,0.00 in,0.0,0 w/m²,061024,2024-10-06
04:54:00,46.6 °F,43.0 °F,87 %,South,2.3 mph,3.3 mph,29.56 in,0.00 in,0.00 in,0.0,0 w/m²,061024,2024-10-06
04:59:00,46.6 °F,43.0 °F,87 %,South,2.7 mph,3.7 mph,29.56 in,0.00 in,0.00 in,0.0,0 w/m²,061024,2024-10-06
05:04:00,46.8 °F,43.2 °F,87 %,SSE,3.1 mph,4.3 mph,29.56 in,0.00 in,0.00 in,0.0,0 w/m²,061024,2024-10-06
05:09:00,46.8 °F,43.2 °F,87 %,South,2.4 mph,3.2 mph,29.56 in,0.00 in,0.00 in,0.0,0 w/m²,061024,2024-10-06
05:14:00,46.6 °F,43.1 °F,87 %,SSE,3.2 mph,4.5 mph,29.55 in,0.00 in,0.00 in,0.0,0 w/m²,061024,2024-10-06
05:19:00,46.4 °F,43.0 °F,88 %,SSE,3.5 mph,4.9 mph,29.55 in,0.00 in,0.00 in,0.0,0 w/m²,061024,2024-10-06
05:24:00,46.3 °F,42.9 °F,88 %,South,3.3 mph,4.4 mph,29.56 in,0.00 in,0.00 in,0.0,0 w/m²,061024,2024-10-06
05:29:00,46.2 °F,42.8 °F,88 %,SSE,3.4 mph,4.9 mph,29.55 in,0.00 in,0.00 in,0.0,0 w/m²,061024,2024-10-06
05:34:00,46.0 °F,42.6 °F,88 %,SSE,3.6 mph,4.9 mph,29.55 in,0.00 in,0.00 in,0.0,0 w/m²,061024,2024-10-06
05:39:00,46.0 °F,42.9 °F,89 %,SSE,2.9 mph,4.2 mph,29.55 in,0.00 in,0.00 in,0.0,0 w/m²,061024,2024-10-06
05:44:00,46.0 °F,43.0 °F,89 %,SSE,3.9 mph,5.7 mph,29.55 in,0.00 in,0.00 in,0.0,0 w/m²,061024,2024-10-06
05:49:00,46.0 °F,43.0 °F,89 %,SSE,4.1 mph,5.4 mph,29.54 in,0.00 in,0.00 in,0.0,0 w/m²,061024,2024-10-06
05:54:00,46.0 °F,43.0 °F,89 %,SSE,3.8 mph,5.9 mph,29.55 in,0.00 in,0.00 in,0.0,0 w/m²,061024,2024-10-06
05:59:00,46.1 °F,43.1 °F,89 %,SSE,3.5 mph,5.2 mph,29.54 in,0.00 in,0.00 in,0.0,0 w/m²,061024,2024-10-06
06:04:00,46.2 °F,43.2 °F,89 %,South,3.3 mph,4.9 mph,29.54 in,0.00 in,0.00 in,0.0,0 w/m²,061024,2024-10-06
06:09:00,46.1 °F,43.1 °F,89 %,SSE,3.4 mph,4.9 mph,29.54 in,0.00 in,0.00 in,0.0,0 w/m²,061024,2024-10-06
06:14:00,46.0 °F,43.0 °F,89 %,SSE,3.5 mph,4.9 mph,29.53 in,0.00 in,0.00 in,0.0,0 w/m²,061024,2024-10-06
06:19:00,46.2 °F,43.2 °F,89 %,SSE,4.1 mph,6.0 mph,29.53 in,0.00 in,0.00 in,0.0,0 w/m²,061024,2024-10-06
06:24:00,46.3 °F,43.2 °F,89 %,SSE,3.6 mph,5.0 mph,29.53 in,0.00 in,0.00 in,0.0,0 w/m²,061024,2024-10-06
06:29:00,46.2 °F,43.2 °F,89 %,SSE,3.5 mph,5.1 mph,29.53 in,0.00 in,0.00 in,0.0,0 w/m²,061024,2024-10-06
06:34:00,46.1 °F,43.1 °F,89 %,SSE,3.3 mph,4.4 mph,29.53 in,0.00 in,0.00 in,0.0,0 w/m²,061024,2024-10-06
06:39:00,46.0 °F,43.0 °F,89 %,SSE,4.8 mph,6.6 mph,29.53 in,0.00 in,0.00 in,0.0,0 w/m²,061024,2024-10-06
06:44:00,46.1 °F,43.1 °F,89 %,SSE,4.1 mph,5.4 mph,29.53 in,0.00 in,0.00 in,0.0,0 w/m²,061024,2024-10-06
06:49:00,46.1 °F,43.1 °F,89 %,SSE,4.0 mph,5.5 mph,29.53 in,0.00 in,0.00 in,0.0,0 w/m²,061024,2024-10-06
06:54:00,46.0 °F,43.0 °F,89 %,SSE,3.4 mph,4.9 mph,29.53 in,0.00 in,0.00 in,0.0,0 w/m²,061024,2024-10-06
06:59:00,46.0 °F,43.0 °F,89 %,SSE,3.2 mph,4.5 mph,29.53 in,0.00 in,0.00 in,0.0,0 w/m²,061024,2024-10-06
07:04:00,46.0 °F,43.0 °F,89 %,SSE,3.5 mph,4.8 mph,29.53 in,0.00 in,0.00 in,0.0,0 w/m²,061024,2024-10-06
07:09:00,46.2 °F,43.2 °F,89 %,SSE,4.6 mph,6.4 mph,29.53 in,0.00 in,0.00 in,0.0,0 w/m²,061024,2024-10-06
07:14:00,46.2 °F,43.2 °F,89 %,SSE,3.4 mph,4.6 mph,29.53 in,0.00 in,0.00 in,0.0,0 w/m²,061024,2024-10-06
07:19:00,46.2 °F,43.2 °F,89 %,SSE,2.9 mph,4.0 mph,29.53 in,0.00 in,0.00 in,0.0,0 w/m²,061024,2024-10-06
07:24:00,46.0 °F,43.1 °F,89 %,SSE,2.7 mph,4.0 mph,29.53 in,0.00 in,0.00 in,0.0,0 w/m²,061024,2024-10-06
07:29:00,46.0 °F,43.3 °F,90 %,SE,3.1 mph,4.1 mph,29.53 in,0.00 in,0.00 in,0.0,0 w/m²,061024,2024-10-06
07:34:00,46.1 °F,43.4 °F,90 %,SSE,3.3 mph,4.6 mph,29.53 in,0.00 in,0.00 in,0.0,0.1 w/m²,061024,2024-10-06
07:39:00,46.2 °F,43.3 °F,89 %,SSE,3.6 mph,4.7 mph,29.53 in,0.00 in,0.00 in,0.0,0.2 w/m²,061024,2024-10-06
07:44:00,46.2 °F,43.2 °F,89 %,SSE,3.4 mph,4.9 mph,29.53 in,0.00 in,0.00 in,0.0,0.4 w/m²,061024,2024-10-06
07:49:00,46.3 °F,43.3 °F,89 %,SSE,3.6 mph,5.2 mph,29.52 in,0.00 in,0.00 in,0.0,0.8 w/m²,061024,2024-10-06
07:54:00,46.4 °F,43.3 °F,89 %,SSE,3.7 mph,5.2 mph,29.53 in,0.00 in,0.00 in,0.0,1.1 w/m²,061024,2024-10-06
07:59:00,46.4 °F,43.3 °F,89 %,SSE,3.4 mph,4.7 mph,29.53 in,0.00 in,0.00 in,0.0,1.7 w/m²,061024,2024-10-06
08:04:00,46.4 °F,43.3 °F,89 %,SSE,3.6 mph,4.9 mph,29.52 in,0.00 in,0.00 in,0.0,2.2 w/m²,061024,2024-10-06
08:09:00,46.4 °F,43.3 °F,89 %,SE,4.2 mph,6.4 mph,29.52 in,0.00 in,0.00 in,0.0,2.9 w/m²,061024,2024-10-06
08:14:00,46.5 °F,43.4 °F,89 %,SE,4.4 mph,6.1 mph,29.52 in,0.00 in,0.00 in,0.0,3.4 w/m²,061024,2024-10-06
08:19:00,46.6 °F,43.5 °F,89 %,SSE,3.9 mph,5.3 mph,29.52 in,0.00 in,0.00 in,0.0,3.6 w/m²,061024,2024-10-06
08:24:00,46.7 °F,43.6 °F,89 %,SE,4.0 mph,5.4 mph,29.51 in,0.00 in,0.00 in,0.0,5.3 w/m²,061024,2024-10-06
08:29:00,46.8 °F,43.7 °F,89 %,SSE,3.8 mph,5.7 mph,29.52 in,0.00 in,0.00 in,0.0,8.5 w/m²,061024,2024-10-06
08:34:00,46.9 °F,43.8 °F,89 %,SSE,3.8 mph,5.4 mph,29.52 in,0.00 in,0.00 in,0.0,12.1 w/m²,061024,2024-10-06
08:39:00,46.9 °F,43.9 °F,89 %,SSE,3.9 mph,5.3 mph,29.52 in,0.00 in,0.00 in,0.0,14.8 w/m²,061024,2024-10-06
08:44:00,46.9 °F,43.9 °F,89 %,SSE,2.9 mph,3.9 mph,29.52 in,0.00 in,0.00 in,0.0,15.1 w/m²,061024,2024-10-06
08:49:00,46.9 °F,43.9 °F,89 %,SE,3.8 mph,5.3 mph,29.51 in,0.00 in,0.00 in,0.0,15.9 w/m²,061024,2024-10-06
08:54:00,47.1 °F,44.1 °F,89 %,SE,3.8 mph,5.3 mph,29.51 in,0.00 in,0.00 in,0.0,15.9 w/m²,061024,2024-10-06
08:59:00,47.1 °F,43.9 °F,88 %,SSE,3.3 mph,5.0 mph,29.51 in,0.00 in,0.00 in,0.0,19.3 w/m²,061024,2024-10-06
09:04:00,47.3 °F,43.9 °F,88 %,SE,4.1 mph,5.7 mph,29.51 in,0.00 in,0.00 in,0.0,28.2 w/m²,061024,2024-10-06
09:09:00,47.4 °F,44.0 °F,88 %,SE,4.9 mph,6.8 mph,29.51 in,0.00 in,0.00 in,0.0,35.4 w/m²,061024,2024-10-06
09:14:00,47.6 °F,44.1 °F,88 %,SSE,3.8 mph,5.7 mph,29.50 in,0.00 in,0.00 in,0.0,42.3 w/m²,061024,2024-10-06
09:19:00,47.7 °F,44.2 °F,88 %,South,2.9 mph,4.4 mph,29.51 in,0.00 in,0.00 in,0.0,48.1 w/m²,061024,2024-10-06
09:24:00,47.8 °F,44.4 °F,88 %,SSE,3.7 mph,5.4 mph,29.51 in,0.00 in,0.00 in,0.0,56.3 w/m²,061024,2024-10-06
09:29:00,48.0 °F,44.6 °F,88 %,SSE,3.3 mph,4.7 mph,29.50 in,0.00 in,0.00 in,0.0,65.4 w/m²,061024,2024-10-06
09:34:00,48.2 °F,44.6 °F,87 %,SSE,3.5 mph,4.8 mph,29.51 in,0.00 in,0.00 in,0.0,78.2 w/m²,061024,2024-10-06
09:39:00,48.4 °F,44.6 °F,87 %,SE,4.4 mph,5.9 mph,29.50 in,0.00 in,0.00 in,0.0,81.3 w/m²,061024,2024-10-06
09:44:00,48.6 °F,44.8 °F,87 %,SSE,4.2 mph,6.1 mph,29.50 in,0.00 in,0.00 in,0.0,81 w/m²,061024,2024-10-06
09:49:00,48.7 °F,44.9 °F,86 %,SSE,3.6 mph,4.8 mph,29.50 in,0.00 in,0.00 in,0.0,80.2 w/m²,061024,2024-10-06
09:54:00,48.8 °F,44.9 °F,86 %,SSE,3.6 mph,5.2 mph,29.50 in,0.00 in,0.00 in,0.0,82.4 w/m²,061024,2024-10-06
09:59:00,48.9 °F,45.0 °F,86 %,SE,3.6 mph,4.6 mph,29.50 in,0.00 in,0.00 in,0.0,83 w/m²,061024,2024-10-06
10:04:00,49.1 °F,45.1 °F,86 %,SE,4.4 mph,5.8 mph,29.50 in,0.00 in,0.00 in,0.0,93.4 w/m²,061024,2024-10-06
10:09:00,49.2 °F,45.1 °F,86 %,SE,4.9 mph,6.5 mph,29.49 in,0.00 in,0.00 in,1.0,130.2 w/m²,061024,2024-10-06
10:14:00,49.5 °F,45.2 °F,85 %,SSE,4.2 mph,5.8 mph,29.49 in,0.00 in,0.00 in,2.0,213.7 w/m²,061024,2024-10-06
10:19:00,50.4 °F,45.8 °F,84 %,SSE,3.5 mph,5.0 mph,29.49 in,0.00 in,0.00 in,2.0,241.2 w/m²,061024,2024-10-06
10:24:00,51.4 °F,46.3 °F,83 %,SSE,4.0 mph,5.5 mph,29.49 in,0.00 in,0.00 in,2.0,279.5 w/m²,061024,2024-10-06
10:29:00,52.0 °F,46.6 °F,81 %,SE,4.2 mph,5.8 mph,29.48 in,0.00 in,0.00 in,3.0,308 w/m²,061024,2024-10-06
10:34:00,52.4 °F,46.6 °F,80 %,SE,5.3 mph,7.7 mph,29.48 in,0.00 in,0.00 in,2.0,290.4 w/m²,061024,2024-10-06
10:39:00,52.6 °F,46.6 °F,80 %,SE,5.5 mph,7.5 mph,29.48 in,0.00 in,0.00 in,3.0,313.5 w/m²,061024,2024-10-06
10:44:00,52.2 °F,46.5 °F,81 %,SSE,5.2 mph,7.3 mph,29.48 in,0.00 in,0.00 in,1.0,135.2 w/m²,061024,2024-10-06
10:49:00,51.9 °F,46.3 °F,81 %,SSE,3.8 mph,5.7 mph,29.47 in,0.00 in,0.00 in,1.0,156.5 w/m²,061024,2024-10-06
10:54:00,51.9 °F,46.5 °F,82 %,SSE,4.4 mph,6.5 mph,29.47 in,0.00 in,0.00 in,1.0,182.3 w/m²,061024,2024-10-06
10:59:00,52.1 °F,46.5 °F,81 %,SE,6.0 mph,7.9 mph,29.47 in,0.00 in,0.00 in,2.0,208.4 w/m²,061024,2024-10-06
11:04:00,52.1 °F,46.5 °F,81 %,SE,4.6 mph,6.4 mph,29.47 in,0.00 in,0.00 in,1.0,139.4 w/m²,061024,2024-10-06
11:09:00,52.0 °F,46.5 °F,81 %,SSE,4.4 mph,6.0 mph,29.47 in,0.00 in,0.00 in,1.0,135.9 w/m²,061024,2024-10-06
11:14:00,52.2 °F,46.6 °F,81 %,SSE,4.8 mph,6.7 mph,29.46 in,0.00 in,0.00 in,1.0,157.4 w/m²,061024,2024-10-06
11:19:00,52.5 °F,46.7 °F,81 %,SE,5.6 mph,7.4 mph,29.46 in,0.00 in,0.00 in,2.0,303.5 w/m²,061024,2024-10-06
11:24:00,53.4 °F,47.1 °F,79 %,SSE,5.3 mph,7.2 mph,29.46 in,0.00 in,0.00 in,3.0,317.4 w/m²,061024,2024-10-06
11:29:00,54.0 °F,47.4 °F,78 %,SE,4.8 mph,6.7 mph,29.46 in,0.00 in,0.00 in,2.0,259.1 w/m²,061024,2024-10-06
11:34:00,54.1 °F,47.6 °F,78 %,SSE,4.8 mph,7.1 mph,29.46 in,0.00 in,0.00 in,3.0,357.7 w/m²,061024,2024-10-06
11:39:00,55.1 °F,48.2 °F,77 %,SSE,4.6 mph,6.8 mph,29.45 in,0.00 in,0.00 in,4.0,424.4 w/m²,061024,2024-10-06
11:44:00,55.2 °F,48.2 °F,77 %,SSE,5.0 mph,7.0 mph,29.45 in,0.00 in,0.00 in,3.0,403.6 w/m²,061024,2024-10-06
11:49:00,55.5 °F,48.2 °F,76 %,SE,4.6 mph,6.6 mph,29.45 in,0.00 in,0.00 in,4.0,433.2 w/m²,061024,2024-10-06
11:54:00,56.4 °F,48.7 °F,75 %,South,4.1 mph,5.8 mph,29.45 in,0.00 in,0.00 in,4.0,412 w/m²,061024,2024-10-06
11:59:00,56.4 °F,48.4 °F,74 %,SSE,4.8 mph,7.7 mph,29.45 in,0.00 in,0.00 in,3.0,375.8 w/m²,061024,2024-10-06
12:04:00,56.8 °F,48.2 °F,73 %,South,5.5 mph,8.0 mph,29.44 in,0.00 in,0.00 in,3.0,347.5 w/m²,061024,2024-10-06
12:09:00,56.7 °F,48.1 °F,73 %,SSE,5.8 mph,8.4 mph,29.44 in,0.00 in,0.00 in,3.0,353 w/m²,061024,2024-10-06
12:14:00,56.8 °F,48.2 °F,73 %,SSE,5.3 mph,7.3 mph,29.43 in,0.00 in,0.00 in,3.0,370.1 w/m²,061024,2024-10-06
12:19:00,57.1 °F,48.5 °F,73 %,SSE,5.5 mph,7.7 mph,29.43 in,0.00 in,0.00 in,3.0,358.3 w/m²,061024,2024-10-06
12:24:00,57.1 °F,48.2 °F,72 %,SSE,6.1 mph,8.4 mph,29.44 in,0.00 in,0.00 in,3.0,359.3 w/m²,061024,2024-10-06
12:29:00,57.1 °F,48.5 °F,73 %,SSE,5.7 mph,8.5 mph,29.43 in,0.00 in,0.00 in,3.0,363.1 w/m²,061024,2024-10-06
12:34:00,57.3 °F,48.4 °F,72 %,SSE,6.7 mph,9.5 mph,29.43 in,0.00 in,0.00 in,3.0,362.6 w/m²,061024,2024-10-06
12:39:00,57.3 °F,48.6 °F,73 %,SSE,5.7 mph,8.1 mph,29.43 in,0.00 in,0.00 in,3.0,365.1 w/m²,061024,2024-10-06
12:44:00,58.1 °F,49.2 °F,72 %,SSE,4.5 mph,6.6 mph,29.42 in,0.00 in,0.00 in,3.0,370.7 w/m²,061024,2024-10-06
12:49:00,58.3 °F,49.0 °F,71 %,SSE,5.4 mph,7.8 mph,29.42 in,0.00 in,0.00 in,3.0,374 w/m²,061024,2024-10-06
12:54:00,58.6 °F,48.9 °F,70 %,South,5.5 mph,8.5 mph,29.42 in,0.00 in,0.00 in,3.0,376.8 w/m²,061024,2024-10-06
12:59:00,58.7 °F,48.9 °F,70 %,South,5.4 mph,7.6 mph,29.42 in,0.00 in,0.00 in,3.0,373.5 w/m²,061024,2024-10-06
13:04:00,58.9 °F,49.2 °F,70 %,South,4.7 mph,6.5 mph,29.42 in,0.00 in,0.00 in,3.0,372.6 w/m²,061024,2024-10-06
13:09:00,59.1 °F,49.5 °F,70 %,South,4.3 mph,6.7 mph,29.42 in,0.00 in,0.00 in,3.0,368.2 w/m²,061024,2024-10-06
13:14:00,59.1 °F,49.5 °F,70 %,SSE,5.6 mph,7.7 mph,29.42 in,0.00 in,0.00 in,3.0,370 w/m²,061024,2024-10-06
13:19:00,58.9 °F,49.4 °F,71 %,SSE,5.8 mph,8.1 mph,29.41 in,0.00 in,0.00 in,3.0,370 w/m²,061024,2024-10-06
13:24:00,59.1 °F,49.3 °F,70 %,SSE,5.9 mph,8.8 mph,29.40 in,0.00 in,0.00 in,3.0,370.4 w/m²,061024,2024-10-06
13:29:00,59.2 °F,49.6 °F,70 %,South,4.9 mph,7.3 mph,29.40 in,0.00 in,0.00 in,3.0,369 w/m²,061024,2024-10-06
13:34:00,59.5 °F,49.5 °F,69 %,South,5.8 mph,8.7 mph,29.40 in,0.00 in,0.00 in,3.0,367.7 w/m²,061024,2024-10-06
13:39:00,60.1 °F,49.6 °F,68 %,South,4.4 mph,6.7 mph,29.39 in,0.00 in,0.00 in,3.0,366 w/m²,061024,2024-10-06
13:44:00,60.4 °F,49.6 °F,68 %,South,5.0 mph,7.4 mph,29.39 in,0.00 in,0.00 in,3.0,364.3 w/m²,061024,2024-10-06
13:49:00,60.4 °F,49.6 °F,68 %,South,5.0 mph,7.1 mph,29.38 in,0.00 in,0.00 in,3.0,362.9 w/m²,061024,2024-10-06
13:54:00,60.5 °F,49.7 °F,68 %,SSE,5.5 mph,8.2 mph,29.38 in,0.00 in,0.00 in,3.0,360.8 w/m²,061024,2024-10-06
13:59:00,60.4 °F,49.6 °F,68 %,SSE,5.5 mph,8.0 mph,29.38 in,0.00 in,0.00 in,3.0,357.1 w/m²,061024,2024-10-06
14:04:00,60.7 °F,49.8 °F,67 %,SSW,4.2 mph,6.7 mph,29.38 in,0.00 in,0.00 in,3.0,355 w/m²,061024,2024-10-06
14:09:00,61.3 °F,50.1 °F,67 %,South,4.9 mph,7.0 mph,29.37 in,0.00 in,0.00 in,3.0,351.8 w/m²,061024,2024-10-06
14:14:00,61.5 °F,50.1 °F,66 %,SSW,4.1 mph,5.7 mph,29.37 in,0.00 in,0.00 in,3.0,349.8 w/m²,061024,2024-10-06
14:19:00,61.7 °F,50.2 °F,66 %,South,5.6 mph,8.1 mph,29.37 in,0.00 in,0.00 in,3.0,346.6 w/m²,061024,2024-10-06
14:24:00,61.2 °F,50.1 °F,67 %,SSE,5.8 mph,8.1 mph,29.37 in,0.00 in,0.00 in,3.0,344.4 w/m²,061024,2024-10-06
14:29:00,61.2 °F,50.3 °F,67 %,SSE,5.7 mph,8.5 mph,29.37 in,0.00 in,0.00 in,3.0,339.2 w/m²,061024,2024-10-06
14:34:00,61.8 °F,50.4 °F,66 %,SSE,4.7 mph,6.9 mph,29.37 in,0.00 in,0.00 in,3.0,336.3 w/m²,061024,2024-10-06
14:39:00,62.1 °F,50.4 °F,66 %,South,5.4 mph,7.9 mph,29.37 in,0.00 in,0.00 in,3.0,363.1 w/m²,061024,2024-10-06
14:44:00,62.0 °F,50.7 °F,67 %,South,4.5 mph,6.3 mph,29.36 in,0.00 in,0.00 in,3.0,365.2 w/m²,061024,2024-10-06
14:49:00,62.1 °F,50.4 °F,65 %,SSE,6.1 mph,9.3 mph,29.37 in,0.00 in,0.00 in,3.0,325.2 w/m²,061024,2024-10-06
14:54:00,62.8 °F,50.9 °F,65 %,South,4.4 mph,6.4 mph,29.37 in,0.00 in,0.00 in,3.0,319.1 w/m²,061024,2024-10-06
14:59:00,63.2 °F,50.9 °F,64 %,SSW,3.9 mph,5.8 mph,29.36 in,0.00 in,0.00 in,3.0,315 w/m²,061024,2024-10-06
15:04:00,63.8 °F,51.1 °F,63 %,SSW,3.3 mph,4.9 mph,29.36 in,0.00 in,0.00 in,3.0,308.2 w/m²,061024,2024-10-06
15:09:00,63.8 °F,51.3 °F,64 %,South,4.3 mph,6.2 mph,29.37 in,0.00 in,0.00 in,2.0,302.7 w/m²,061024,2024-10-06
15:14:00,63.8 °F,51.1 °F,63 %,SW,4.0 mph,5.8 mph,29.37 in,0.00 in,0.00 in,2.0,301 w/m²,061024,2024-10-06
15:19:00,63.4 °F,50.9 °F,64 %,SSE,6.2 mph,8.8 mph,29.36 in,0.00 in,0.00 in,3.0,308.1 w/m²,061024,2024-10-06
15:24:00,62.2 °F,50.5 °F,65 %,South,4.4 mph,6.4 mph,29.36 in,0.00 in,0.00 in,3.0,322.2 w/m²,061024,2024-10-06
15:29:00,63.1 °F,50.9 °F,64 %,SW,3.8 mph,5.6 mph,29.36 in,0.00 in,0.00 in,3.0,353.5 w/m²,061024,2024-10-06
15:34:00,63.1 °F,50.5 °F,64 %,SW,4.3 mph,6.6 mph,29.36 in,0.00 in,0.00 in,2.0,306.9 w/m²,061024,2024-10-06
15:39:00,61.9 °F,50.5 °F,66 %,WSW,2.8 mph,4.4 mph,29.35 in,0.00 in,0.00 in,1.0,161.7 w/m²,061024,2024-10-06
15:44:00,61.8 °F,50.5 °F,67 %,SW,2.9 mph,4.4 mph,29.35 in,0.00 in,0.00 in,1.0,186.9 w/m²,061024,2024-10-06
15:49:00,61.9 °F,50.5 °F,66 %,South,4.2 mph,6.0 mph,29.35 in,0.00 in,0.00 in,2.0,264.7 w/m²,061024,2024-10-06
15:54:00,62.4 °F,50.6 °F,65 %,South,4.1 mph,6.2 mph,29.34 in,0.00 in,0.00 in,2.0,304.1 w/m²,061024,2024-10-06
15:59:00,63.2 °F,50.6 °F,63 %,SSE,6.0 mph,8.8 mph,29.35 in,0.00 in,0.00 in,2.0,263.1 w/m²,061024,2024-10-06
16:04:00,62.8 °F,50.2 °F,64 %,South,4.8 mph,7.0 mph,29.35 in,0.00 in,0.00 in,2.0,257.8 w/m²,061024,2024-10-06
16:09:00,63.1 °F,50.6 °F,64 %,South,3.3 mph,5.0 mph,29.35 in,0.00 in,0.00 in,2.0,271.9 w/m²,061024,2024-10-06
16:14:00,62.8 °F,50.7 °F,65 %,SSE,5.6 mph,8.3 mph,29.35 in,0.00 in,0.00 in,1.0,160.2 w/m²,061024,2024-10-06
16:19:00,61.3 °F,50.3 °F,67 %,South,3.2 mph,4.8 mph,29.35 in,0.00 in,0.00 in,1.0,131.4 w/m²,061024,2024-10-06
16:24:00,61.1 °F,50.6 °F,68 %,SSW,3.0 mph,4.4 mph,29.35 in,0.00 in,0.00 in,1.0,109.7 w/m²,061024,2024-10-06
16:29:00,60.9 °F,50.7 °F,69 %,WSW,3.4 mph,5.1 mph,29.35 in,0.00 in,0.00 in,1.0,104.9 w/m²,061024,2024-10-06
16:34:00,60.6 °F,51.0 °F,70 %,WSW,4.2 mph,5.6 mph,29.35 in,0.00 in,0.00 in,0.0,96.2 w/m²,061024,2024-10-06
16:39:00,60.4 °F,51.1 °F,71 %,WSW,2.9 mph,4.6 mph,29.35 in,0.00 in,0.00 in,0.0,95.9 w/m²,061024,2024-10-06
16:44:00,60.3 °F,51.2 °F,72 %,SW,4.6 mph,6.4 mph,29.35 in,0.00 in,0.00 in,0.0,87.8 w/m²,061024,2024-10-06
16:49:00,60.0 °F,51.3 °F,73 %,WSW,3.9 mph,5.3 mph,29.35 in,0.00 in,0.00 in,0.0,73.2 w/m²,061024,2024-10-06
16:54:00,59.8 °F,51.3 °F,74 %,SW,3.6 mph,5.5 mph,29.35 in,0.00 in,0.00 in,0.0,71.5 w/m²,061024,2024-10-06
16:59:00,59.6 °F,51.3 °F,74 %,SW,3.2 mph,4.9 mph,29.35 in,0.00 in,0.00 in,0.0,54.2 w/m²,061024,2024-10-06
17:04:00,59.4 °F,51.1 °F,74 %,SW,3.0 mph,4.6 mph,29.36 in,0.00 in,0.00 in,0.0,53.6 w/m²,061024,2024-10-06
17:09:00,59.2 °F,51.0 °F,74 %,SSW,3.4 mph,5.3 mph,29.35 in,0.00 in,0.00 in,0.0,58.8 w/m²,061024,2024-10-06
17:14:00,59.3 °F,51.2 °F,75 %,SSW,3.0 mph,4.7 mph,29.35 in,0.00 in,0.00 in,0.0,54.2 w/m²,061024,2024-10-06
17:19:00,59.2 °F,51.4 °F,76 %,SW,1.9 mph,3.0 mph,29.35 in,0.00 in,0.00 in,0.0,50.6 w/m²,061024,2024-10-06
17:24:00,59.1 °F,51.5 °F,76 %,WSW,3.0 mph,4.1 mph,29.35 in,0.00 in,0.00 in,0.0,50.3 w/m²,061024,2024-10-06
17:29:00,58.8 °F,51.3 °F,76 %,WSW,2.7 mph,3.7 mph,29.35 in,0.00 in,0.00 in,0.0,27.7 w/m²,061024,2024-10-06
17:34:00,58.7 °F,51.3 °F,77 %,SW,2.6 mph,3.9 mph,29.35 in,0.00 in,0.00 in,0.0,36 w/m²,061024,2024-10-06
17:39:00,58.6 °F,51.1 °F,76 %,WSW,3.1 mph,4.7 mph,29.35 in,0.00 in,0.00 in,0.0,50.8 w/m²,061024,2024-10-06
17:44:00,58.4 °F,51.4 °F,78 %,WSW,3.6 mph,4.9 mph,29.35 in,0.00 in,0.00 in,0.0,51.9 w/m²,061024,2024-10-06
17:49:00,57.7 °F,51.3 °F,79 %,South,3.1 mph,4.9 mph,29.35 in,0.00 in,0.00 in,0.0,22.2 w/m²,061024,2024-10-06
17:54:00,57.6 °F,51.1 °F,79 %,SSW,4.1 mph,6.0 mph,29.35 in,0.00 in,0.00 in,0.0,25.8 w/m²,061024,2024-10-06
17:59:00,57.6 °F,51.3 °F,80 %,SW,4.0 mph,5.5 mph,29.35 in,0.00 in,0.00 in,0.0,18.8 w/m²,061024,2024-10-06
18:04:00,57.3 °F,51.7 °F,82 %,SW,2.5 mph,3.6 mph,29.35 in,0.00 in,0.00 in,0.0,17.3 w/m²,061024,2024-10-06
18:09:00,56.9 °F,51.7 °F,83 %,SSW,3.0 mph,4.6 mph,29.35 in,0.00 in,0.00 in,0.0,15.7 w/m²,061024,2024-10-06
18:14:00,56.8 °F,51.8 °F,83 %,SSW,2.2 mph,3.2 mph,29.35 in,0.00 in,0.00 in,0.0,15 w/m²,061024,2024-10-06
18:19:00,56.6 °F,51.7 °F,84 %,South,3.3 mph,5.4 mph,29.35 in,0.00 in,0.00 in,0.0,17.3 w/m²,061024,2024-10-06
18:24:00,56.5 °F,51.8 °F,85 %,SSW,2.3 mph,3.5 mph,29.34 in,0.00 in,0.00 in,0.0,23.3 w/m²,061024,2024-10-06
18:29:00,56.4 °F,51.9 °F,85 %,South,3.6 mph,5.5 mph,29.34 in,0.00 in,0.00 in,0.0,19.9 w/m²,061024,2024-10-06
18:34:00,56.3 °F,51.8 °F,85 %,SSW,2.8 mph,4.4 mph,29.34 in,0.00 in,0.00 in,0.0,8.9 w/m²,061024,2024-10-06
18:39:00,56.3 °F,51.8 °F,85 %,South,2.9 mph,4.4 mph,29.34 in,0.00 in,0.00 in,0.0,8.4 w/m²,061024,2024-10-06
18:44:00,56.3 °F,51.8 °F,85 %,SW,2.6 mph,3.9 mph,29.34 in,0.00 in,0.00 in,0.0,4.8 w/m²,061024,2024-10-06
18:49:00,56.2 °F,51.7 °F,85 %,SSW,3.2 mph,4.6 mph,29.34 in,0.00 in,0.00 in,0.0,4.7 w/m²,061024,2024-10-06
18:54:00,56.1 °F,51.9 °F,86 %,SSW,3.7 mph,6.2 mph,29.34 in,0.00 in,0.00 in,0.0,4.5 w/m²,061024,2024-10-06
18:59:00,55.9 °F,51.9 °F,86 %,SSW,2.7 mph,4.3 mph,29.34 in,0.00 in,0.00 in,0.0,3.2 w/m²,061024,2024-10-06
19:04:00,55.8 °F,52.0 °F,87 %,SSW,2.7 mph,4.6 mph,29.34 in,0.00 in,0.00 in,0.0,2.8 w/m²,061024,2024-10-06
19:09:00,55.8 °F,52.1 °F,88 %,SSW,2.8 mph,4.0 mph,29.34 in,0.00 in,0.00 in,0.0,2.5 w/m²,061024,2024-10-06
19:14:00,55.6 °F,52.0 °F,88 %,SSW,1.9 mph,3.0 mph,29.34 in,0.00 in,0.00 in,0.0,1.9 w/m²,061024,2024-10-06
19:19:00,55.6 °F,52.3 °F,89 %,SW,1.7 mph,2.4 mph,29.34 in,0.00 in,0.00 in,0.0,1 w/m²,061024,2024-10-06
19:24:00,55.4 °F,52.4 °F,90 %,SSW,2.4 mph,3.9 mph,29.34 in,0.00 in,0.00 in,0.0,0.4 w/m²,061024,2024-10-06
19:29:00,55.2 °F,52.5 °F,91 %,South,2.2 mph,3.4 mph,29.33 in,0.00 in,0.00 in,0.0,0.3 w/m²,061024,2024-10-06
19:34:00,55.1 °F,52.7 °F,91 %,SSW,2.3 mph,3.3 mph,29.33 in,0.00 in,0.00 in,0.0,0.1 w/m²,061024,2024-10-06
19:39:00,55.0 °F,52.9 °F,92 %,South,3.0 mph,4.8 mph,29.33 in,0.00 in,0.00 in,0.0,0 w/m²,061024,2024-10-06
19:44:00,54.9 °F,52.7 °F,92 %,SSW,2.7 mph,4.2 mph,29.33 in,0.00 in,0.00 in,0.0,0 w/m²,061024,2024-10-06
19:49:00,54.9 °F,52.9 °F,93 %,South,2.5 mph,3.2 mph,29.33 in,0.00 in,0.00 in,0.0,0 w/m²,061024,2024-10-06
19:54:00,54.9 °F,52.9 °F,93 %,SSW,1.6 mph,2.5 mph,29.33 in,0.00 in,0.00 in,0.0,0 w/m²,061024,2024-10-06
19:59:00,54.9 °F,52.9 °F,93 %,SSW,2.5 mph,3.6 mph,29.34 in,0.00 in,0.00 in,0.0,0 w/m²,061024,2024-10-06
20:04:00,54.9 °F,53.1 °F,94 %,SSW,1.9 mph,2.7 mph,29.33 in,0.00 in,0.00 in,0.0,0 w/m²,061024,2024-10-06
20:09:00,54.9 °F,53.1 °F,94 %,SSW,2.0 mph,3.2 mph,29.33 in,0.00 in,0.00 in,0.0,0 w/m²,061024,2024-10-06
20:14:00,54.9 °F,53.1 °F,94 %,South,2.3 mph,3.7 mph,29.33 in,0.00 in,0.00 in,0.0,0 w/m²,061024,2024-10-06
20:19:00,54.9 °F,53.1 °F,94 %,SSW,2.3 mph,3.4 mph,29.33 in,0.00 in,0.00 in,0.0,0 w/m²,061024,2024-10-06
20:24:00,54.9 °F,53.1 °F,94 %,SSW,2.5 mph,4.1 mph,29.33 in,0.00 in,0.00 in,0.0,0 w/m²,061024,2024-10-06
20:29:00,55.0 °F,53.3 °F,94 %,SW,2.3 mph,3.3 mph,29.32 in,0.00 in,0.00 in,0.0,0 w/m²,061024,2024-10-06
20:34:00,55.0 °F,53.6 °F,95 %,SW,2.5 mph,3.6 mph,29.32 in,0.00 in,0.00 in,0.0,0 w/m²,061024,2024-10-06
20:39:00,55.0 °F,53.6 °F,95 %,South,2.9 mph,4.6 mph,29.32 in,0.00 in,0.00 in,0.0,0 w/m²,061024,2024-10-06
20:44:00,55.2 °F,53.8 °F,95 %,SW,1.7 mph,2.5 mph,29.32 in,0.00 in,0.00 in,0.0,0 w/m²,061024,2024-10-06
20:49:00,55.2 °F,53.8 °F,95 %,SSW,2.3 mph,3.1 mph,29.32 in,0.00 in,0.00 in,0.0,0 w/m²,061024,2024-10-06
20:54:00,55.2 °F,53.8 °F,95 %,South,2.7 mph,4.3 mph,29.32 in,0.00 in,0.00 in,0.0,0 w/m²,061024,2024-10-06
20:59:00,55.4 °F,54.0 °F,95 %,SSW,2.2 mph,3.4 mph,29.32 in,0.00 in,0.00 in,0.0,0 w/m²,061024,2024-10-06
21:04:00,55.4 °F,54.0 °F,95 %,SW,2.1 mph,3.1 mph,29.32 in,0.00 in,0.00 in,0.0,0 w/m²,061024,2024-10-06
21:09:00,55.5 °F,54.0 °F,95 %,WSW,2.0 mph,2.8 mph,29.32 in,0.00 in,0.00 in,0.0,0 w/m²,061024,2024-10-06
21:14:00,55.6 °F,54.1 °F,95 %,SW,2.5 mph,3.8 mph,29.32 in,0.00 in,0.00 in,0.0,0 w/m²,061024,2024-10-06
21:19:00,55.7 °F,54.2 °F,95 %,SSW,2.9 mph,4.5 mph,29.32 in,0.00 in,0.00 in,0.0,0 w/m²,061024,2024-10-06
21:24:00,55.8 °F,54.3 °F,95 %,SSW,3.1 mph,4.3 mph,29.32 in,0.00 in,0.00 in,0.0,0 w/m²,061024,2024-10-06
21:29:00,55.8 °F,54.3 °F,95 %,South,2.6 mph,4.1 mph,29.32 in,0.00 in,0.00 in,0.0,0 w/m²,061024,2024-10-06
21:34:00,55.8 °F,54.4 °F,95 %,South,2.7 mph,4.0 mph,29.31 in,0.00 in,0.00 in,0.0,0 w/m²,061024,2024-10-06
21:39:00,55.9 °F,54.5 °F,95 %,SSW,2.4 mph,3.6 mph,29.31 in,0.00 in,0.00 in,0.0,0 w/m²,061024,2024-10-06
21:44:00,55.9 °F,54.5 °F,95 %,SW,1.8 mph,2.7 mph,29.31 in,0.00 in,0.00 in,0.0,0 w/m²,061024,2024-10-06
21:49:00,56.0 °F,54.6 °F,95 %,SSW,2.6 mph,4.1 mph,29.31 in,0.00 in,0.00 in,0.0,0 w/m²,061024,2024-10-06
21:54:00,56.1 °F,54.7 °F,95 %,SW,1.8 mph,2.7 mph,29.31 in,0.00 in,0.00 in,0.0,0 w/m²,061024,2024-10-06
21:59:00,56.1 °F,54.7 °F,95 %,SW,2.0 mph,3.2 mph,29.31 in,0.00 in,0.00 in,0.0,0 w/m²,061024,2024-10-06
22:04:00,56.1 °F,54.7 °F,95 %,South,2.7 mph,3.9 mph,29.30 in,0.00 in,0.00 in,0.0,0 w/m²,061024,2024-10-06
22:09:00,56.3 °F,54.9 °F,95 %,SSW,2.5 mph,3.8 mph,29.30 in,0.00 in,0.00 in,0.0,0 w/m²,061024,2024-10-06
22:14:00,56.3 °F,54.9 °F,95 %,WSW,2.1 mph,3.1 mph,29.31 in,0.00 in,0.00 in,0.0,0 w/m²,061024,2024-10-06
22:19:00,56.3 °F,54.9 °F,95 %,WSW,2.5 mph,3.6 mph,29.31 in,0.00 in,0.00 in,0.0,0 w/m²,061024,2024-10-06
22:24:00,56.5 °F,55.0 °F,95 %,SW,1.9 mph,2.8 mph,29.31 in,0.00 in,0.00 in,0.0,0 w/m²,061024,2024-10-06
22:29:00,56.5 °F,55.0 °F,95 %,WSW,2.2 mph,3.3 mph,29.30 in,0.00 in,0.00 in,0.0,0 w/m²,061024,2024-10-06
22:34:00,56.7 °F,55.2 °F,95 %,WSW,2.6 mph,3.5 mph,29.30 in,0.00 in,0.00 in,0.0,0 w/m²,061024,2024-10-06
22:39:00,56.8 °F,55.3 °F,95 %,WSW,2.3 mph,3.2 mph,29.30 in,0.00 in,0.00 in,0.0,0 w/m²,061024,2024-10-06
22:44:00,56.9 °F,55.5 °F,95 %,SW,2.1 mph,3.2 mph,29.30 in,0.12 in,0.02 in,0.0,0 w/m²,061024,2024-10-06
22:49:00,57.0 °F,55.6 °F,95 %,South,3.2 mph,4.8 mph,29.30 in,0.24 in,0.04 in,0.0,0 w/m²,061024,2024-10-06
22:54:00,56.8 °F,55.6 °F,95 %,SSW,2.1 mph,3.3 mph,29.30 in,0.24 in,0.06 in,0.0,0 w/m²,061024,2024-10-06
22:59:00,57.0 °F,55.9 °F,96 %,WSW,1.3 mph,1.9 mph,29.30 in,0.35 in,0.09 in,0.0,0 w/m²,061024,2024-10-06
23:04:00,57.0 °F,55.9 °F,96 %,SSW,1.9 mph,2.9 mph,29.29 in,0.31 in,0.09 in,0.0,0 w/m²,061024,2024-10-06
23:09:00,57.0 °F,55.9 °F,96 %,SSW,1.4 mph,2.3 mph,29.29 in,0.19 in,0.09 in,0.0,0 w/m²,061024,2024-10-06
23:14:00,57.0 °F,55.9 °F,96 %,SSW,1.7 mph,2.5 mph,29.29 in,0.00 in,0.09 in,0.0,0 w/m²,061024,2024-10-06
23:19:00,57.0 °F,55.9 °F,96 %,SSW,2.1 mph,3.0 mph,29.29 in,0.00 in,0.09 in,0.0,0 w/m²,061024,2024-10-06
23:24:00,57.1 °F,56.0 °F,96 %,SSW,2.0 mph,3.0 mph,29.29 in,0.00 in,0.09 in,0.0,0 w/m²,061024,2024-10-06
23:29:00,57.2 °F,56.1 °F,96 %,SW,1.8 mph,2.8 mph,29.29 in,0.00 in,0.09 in,0.0,0 w/m²,061024,2024-10-06
23:34:00,57.3 °F,56.2 °F,96 %,SW,2.4 mph,3.4 mph,29.29 in,0.00 in,0.09 in,0.0,0 w/m²,061024,2024-10-06
23:39:00,57.5 °F,56.4 °F,96 %,SW,1.8 mph,2.9 mph,29.28 in,0.00 in,0.09 in,0.0,0 w/m²,061024,2024-10-06
23:44:00,57.6 °F,56.5 °F,96 %,SW,2.2 mph,3.2 mph,29.27 in,0.00 in,0.09 in,0.0,0 w/m²,061024,2024-10-06
23:49:00,57.6 °F,56.5 °F,96 %,SW,1.8 mph,2.7 mph,29.27 in,0.00 in,0.09 in,0.0,0 w/m²,061024,2024-10-06
23:54:00,57.6 °F,56.5 °F,96 %,SSW,2.4 mph,3.8 mph,29.28 in,0.00 in,0.09 in,0.0,0 w/m²,061024,2024-10-06
23:59:00,57.7 °F,56.7 °F,96 %,SSW,2.0 mph,3.2 mph,29.28 in,0.00 in,0.09 in,0.0,0 w/m²,061024,2024-10-06
00:04:00,57.7 °F,56.7 °F,96 %,SW,2.4 mph,3.5 mph,29.27 in,0.00 in,0.00 in,0.0,0 w/m²,071024,2024-10-07
00:09:00,57.7 °F,56.7 °F,96 %,SW,2.0 mph,2.9 mph,29.28 in,0.00 in,0.00 in,0.0,0 w/m²,071024,2024-10-07
00:14:00,57.8 °F,56.8 °F,96 %,WSW,2.5 mph,3.3 mph,29.28 in,0.00 in,0.00 in,0.0,0 w/m²,071024,2024-10-07
00:19:00,58.0 °F,56.9 °F,96 %,WSW,3.0 mph,4.0 mph,29.28 in,0.00 in,0.00 in,0.0,0 w/m²,071024,2024-10-07
00:24:00,58.2 °F,57.2 °F,96 %,WSW,3.2 mph,4.4 mph,29.28 in,0.00 in,0.00 in,0.0,0 w/m²,071024,2024-10-07
00:29:00,58.4 °F,57.5 °F,97 %,SW,3.1 mph,4.3 mph,29.28 in,0.00 in,0.00 in,0.0,0 w/m²,071024,2024-10-07
00:34:00,58.6 °F,57.6 °F,96 %,WSW,3.1 mph,4.1 mph,29.27 in,0.00 in,0.00 in,0.0,0 w/m²,071024,2024-10-07
00:39:00,58.6 °F,57.6 °F,96 %,WSW,2.5 mph,3.4 mph,29.27 in,0.00 in,0.00 in,0.0,0 w/m²,071024,2024-10-07
00:44:00,58.6 °F,57.6 °F,96 %,WSW,2.7 mph,3.7 mph,29.27 in,0.00 in,0.00 in,0.0,0 w/m²,071024,2024-10-07
00:49:00,58.8 °F,57.7 °F,96 %,WSW,4.2 mph,5.5 mph,29.27 in,0.00 in,0.00 in,0.0,0 w/m²,071024,2024-10-07
00:54:00,58.8 °F,57.7 °F,96 %,SW,3.3 mph,4.4 mph,29.27 in,0.00 in,0.00 in,0.0,0 w/m²,071024,2024-10-07
00:59:00,58.8 °F,57.7 °F,96 %,SW,3.7 mph,4.9 mph,29.27 in,0.00 in,0.00 in,0.0,0 w/m²,071024,2024-10-07
01:04:00,59.0 °F,57.9 °F,96 %,WSW,5.6 mph,7.4 mph,29.27 in,0.00 in,0.00 in,0.0,0 w/m²,071024,2024-10-07
01:09:00,59.0 °F,57.9 °F,96 %,WSW,5.2 mph,6.5 mph,29.27 in,0.00 in,0.00 in,0.0,0 w/m²,071024,2024-10-07
01:14:00,58.9 °F,57.8 °F,96 %,WSW,4.5 mph,6.2 mph,29.27 in,0.00 in,0.00 in,0.0,0 w/m²,071024,2024-10-07
01:19:00,58.8 °F,57.7 °F,96 %,WSW,5.0 mph,6.5 mph,29.27 in,0.00 in,0.00 in,0.0,0 w/m²,071024,2024-10-07
01:24:00,59.0 °F,57.9 °F,96 %,WSW,4.2 mph,5.3 mph,29.27 in,0.00 in,0.00 in,0.0,0 w/m²,071024,2024-10-07
01:29:00,59.0 °F,57.9 °F,96 %,WSW,3.4 mph,4.6 mph,29.27 in,0.00 in,0.00 in,0.0,0 w/m²,071024,2024-10-07
01:34:00,59.1 °F,58.0 °F,96 %,WSW,3.3 mph,4.5 mph,29.27 in,0.00 in,0.00 in,0.0,0 w/m²,071024,2024-10-07
01:39:00,58.9 °F,57.8 °F,96 %,WSW,3.6 mph,4.7 mph,29.27 in,0.00 in,0.00 in,0.0,0 w/m²,071024,2024-10-07
01:44:00,58.6 °F,57.6 °F,96 %,WSW,3.5 mph,4.3 mph,29.27 in,0.00 in,0.00 in,0.0,0 w/m²,071024,2024-10-07
01:49:00,58.6 °F,57.5 °F,96 %,WSW,4.2 mph,5.5 mph,29.27 in,0.00 in,0.00 in,0.0,0 w/m²,071024,2024-10-07
01:54:00,58.6 °F,57.6 °F,96 %,WSW,4.2 mph,5.6 mph,29.27 in,0.00 in,0.00 in,0.0,0 w/m²,071024,2024-10-07
01:59:00,58.6 °F,57.6 °F,96 %,WSW,4.3 mph,5.3 mph,29.28 in,0.00 in,0.00 in,0.0,0 w/m²,071024,2024-10-07
02:04:00,58.7 °F,57.7 °F,96 %,SW,3.3 mph,4.3 mph,29.28 in,0.00 in,0.00 in,0.0,0 w/m²,071024,2024-10-07
02:09:00,58.6 °F,57.6 °F,96 %,WSW,3.5 mph,4.6 mph,29.28 in,0.00 in,0.00 in,0.0,0 w/m²,071024,2024-10-07
02:14:00,58.6 °F,57.5 °F,96 %,WSW,3.9 mph,4.8 mph,29.28 in,0.00 in,0.00 in,0.0,0 w/m²,071024,2024-10-07
02:19:00,58.5 °F,57.4 °F,96 %,WSW,4.1 mph,5.2 mph,29.28 in,0.00 in,0.00 in,0.0,0 w/m²,071024,2024-10-07
02:24:00,58.6 °F,57.5 °F,96 %,WSW,4.4 mph,5.7 mph,29.28 in,0.00 in,0.00 in,0.0,0 w/m²,071024,2024-10-07
02:29:00,58.6 °F,57.2 °F,95 %,WSW,4.6 mph,6.0 mph,29.28 in,0.00 in,0.00 in,0.0,0 w/m²,071024,2024-10-07
02:34:00,58.6 °F,57.2 °F,95 %,WSW,5.5 mph,6.8 mph,29.28 in,0.00 in,0.00 in,0.0,0 w/m²,071024,2024-10-07
02:39:00,58.6 °F,57.2 °F,95 %,WSW,6.5 mph,8.5 mph,29.29 in,0.00 in,0.00 in,0.0,0 w/m²,071024,2024-10-07
02:44:00,58.6 °F,56.9 °F,94 %,WSW,5.1 mph,6.4 mph,29.29 in,0.00 in,0.00 in,0.0,0 w/m²,071024,2024-10-07
02:49:00,58.6 °F,56.8 °F,94 %,WSW,5.1 mph,6.6 mph,29.28 in,0.00 in,0.00 in,0.0,0 w/m²,071024,2024-10-07
02:54:00,58.8 °F,56.9 °F,93 %,WSW,5.2 mph,6.6 mph,29.29 in,0.00 in,0.00 in,0.0,0 w/m²,071024,2024-10-07
02:59:00,58.8 °F,56.8 °F,93 %,WSW,4.8 mph,6.1 mph,29.29 in,0.00 in,0.00 in,0.0,0 w/m²,071024,2024-10-07
03:04:00,58.7 °F,56.8 °F,93 %,WSW,5.0 mph,6.3 mph,29.29 in,0.00 in,0.00 in,0.0,0 w/m²,071024,2024-10-07
03:09:00,58.6 °F,56.7 °F,93 %,WSW,5.1 mph,7.0 mph,29.29 in,0.00 in,0.00 in,0.0,0 w/m²,071024,2024-10-07
03:14:00,58.4 °F,56.4 °F,93 %,WSW,4.2 mph,5.3 mph,29.28 in,0.00 in,0.00 in,0.0,0 w/m²,071024,2024-10-07
03:19:00,58.2 °F,56.2 °F,93 %,WSW,4.4 mph,5.5 mph,29.29 in,0.00 in,0.00 in,0.0,0 w/m²,071024,2024-10-07
03:24:00,57.8 °F,55.9 °F,93 %,WSW,4.2 mph,5.2 mph,29.29 in,0.00 in,0.00 in,0.0,0 w/m²,071024,2024-10-07
03:29:00,57.7 °F,55.9 °F,94 %,SW,4.1 mph,5.5 mph,29.29 in,0.00 in,0.00 in,0.0,0 w/m²,071024,2024-10-07
03:34:00,57.5 °F,55.7 °F,94 %,WSW,3.8 mph,4.8 mph,29.29 in,0.00 in,0.00 in,0.0,0 w/m²,071024,2024-10-07
03:39:00,57.3 °F,55.5 °F,94 %,WSW,3.4 mph,4.3 mph,29.29 in,0.00 in,0.00 in,0.0,0 w/m²,071024,2024-10-07
03:44:00,57.0 °F,55.2 °F,94 %,WSW,3.9 mph,4.8 mph,29.30 in,0.00 in,0.00 in,0.0,0 w/m²,071024,2024-10-07
03:49:00,56.9 °F,55.1 °F,94 %,WSW,3.9 mph,4.9 mph,29.30 in,0.00 in,0.00 in,0.0,0 w/m²,071024,2024-10-07
03:54:00,56.8 °F,55.0 °F,94 %,WSW,2.8 mph,3.7 mph,29.30 in,0.00 in,0.00 in,0.0,0 w/m²,071024,2024-10-07
03:59:00,56.7 °F,54.9 °F,94 %,WSW,3.7 mph,4.6 mph,29.30 in,0.00 in,0.00 in,0.0,0 w/m²,071024,2024-10-07
04:04:00,56.5 °F,54.7 °F,94 %,WSW,3.7 mph,4.8 mph,29.31 in,0.00 in,0.00 in,0.0,0 w/m²,071024,2024-10-07
04:09:00,56.3 °F,54.5 °F,94 %,WSW,3.7 mph,4.7 mph,29.30 in,0.00 in,0.00 in,0.0,0 w/m²,071024,2024-10-07
04:14:00,56.3 °F,54.5 °F,94 %,WSW,4.1 mph,5.8 mph,29.31 in,0.00 in,0.00 in,0.0,0 w/m²,071024,2024-10-07
04:19:00,56.3 °F,54.5 °F,94 %,WSW,4.0 mph,5.2 mph,29.31 in,0.00 in,0.00 in,0.0,0 w/m²,071024,2024-10-07
04:24:00,56.2 °F,54.4 °F,94 %,WSW,3.6 mph,4.5 mph,29.31 in,0.00 in,0.00 in,0.0,0 w/m²,071024,2024-10-07
04:29:00,56.0 °F,54.2 °F,94 %,WSW,3.4 mph,4.9 mph,29.31 in,0.00 in,0.00 in,0.0,0 w/m²,071024,2024-10-07
04:34:00,55.9 °F,54.1 °F,94 %,WSW,3.3 mph,4.3 mph,29.31 in,0.00 in,0.00 in,0.0,0 w/m²,071024,2024-10-07
04:39:00,55.7 °F,53.9 °F,94 %,WSW,3.5 mph,4.6 mph,29.32 in,0.00 in,0.00 in,0.0,0 w/m²,071024,2024-10-07
04:44:00,55.6 °F,53.8 °F,94 %,SW,3.9 mph,5.2 mph,29.32 in,0.00 in,0.00 in,0.0,0 w/m²,071024,2024-10-07
04:49:00,55.5 °F,53.7 °F,94 %,WSW,4.4 mph,5.8 mph,29.32 in,0.00 in,0.00 in,0.0,0 w/m²,071024,2024-10-07
04:54:00,55.4 °F,53.6 °F,94 %,WSW,5.0 mph,6.5 mph,29.32 in,0.00 in,0.00 in,0.0,0 w/m²,071024,2024-10-07
04:59:00,55.2 °F,53.4 °F,94 %,SW,4.5 mph,5.9 mph,29.31 in,0.00 in,0.00 in,0.0,0 w/m²,071024,2024-10-07
05:04:00,55.2 °F,53.4 °F,94 %,SW,5.2 mph,6.7 mph,29.31 in,0.00 in,0.00 in,0.0,0 w/m²,071024,2024-10-07
05:09:00,55.2 °F,53.4 °F,94 %,WSW,4.6 mph,5.8 mph,29.32 in,0.00 in,0.00 in,0.0,0 w/m²,071024,2024-10-07
05:14:00,55.0 °F,53.2 °F,94 %,WSW,3.8 mph,4.7 mph,29.32 in,0.00 in,0.00 in,0.0,0 w/m²,071024,2024-10-07
05:19:00,55.0 °F,53.1 °F,93 %,WSW,3.8 mph,5.0 mph,29.32 in,0.00 in,0.00 in,0.0,0 w/m²,071024,2024-10-07
05:24:00,54.9 °F,53.1 °F,94 %,WSW,3.1 mph,3.7 mph,29.31 in,0.00 in,0.00 in,0.0,0 w/m²,071024,2024-10-07
05:29:00,54.7 °F,52.9 °F,94 %,WSW,2.8 mph,3.2 mph,29.31 in,0.00 in,0.00 in,0.0,0 w/m²,071024,2024-10-07
05:34:00,54.5 °F,52.7 °F,94 %,WSW,3.1 mph,4.1 mph,29.31 in,0.00 in,0.00 in,0.0,0 w/m²,071024,2024-10-07
05:39:00,54.4 °F,52.6 °F,94 %,WSW,2.6 mph,3.4 mph,29.32 in,0.00 in,0.00 in,0.0,0 w/m²,071024,2024-10-07
05:44:00,54.3 °F,52.5 °F,94 %,West,2.7 mph,3.5 mph,29.32 in,0.00 in,0.00 in,0.0,0 w/m²,071024,2024-10-07
05:49:00,54.1 °F,52.3 °F,94 %,WSW,3.4 mph,4.5 mph,29.32 in,0.00 in,0.00 in,0.0,0 w/m²,071024,2024-10-07
05:54:00,54.2 °F,52.4 °F,94 %,WSW,3.1 mph,4.2 mph,29.32 in,0.00 in,0.00 in,0.0,0 w/m²,071024,2024-10-07
05:59:00,54.1 °F,52.3 °F,94 %,WSW,3.1 mph,4.1 mph,29.32 in,0.00 in,0.00 in,0.0,0 w/m²,071024,2024-10-07
06:04:00,54.2 °F,52.5 °F,94 %,WSW,3.1 mph,3.9 mph,29.33 in,0.00 in,0.00 in,0.0,0 w/m²,071024,2024-10-07
06:09:00,54.4 °F,52.9 °F,95 %,WSW,3.7 mph,4.7 mph,29.33 in,0.00 in,0.00 in,0.0,0 w/m²,071024,2024-10-07
06:14:00,54.5 °F,53.1 °F,95 %,WSW,3.5 mph,4.6 mph,29.33 in,0.00 in,0.00 in,0.0,0 w/m²,071024,2024-10-07
06:19:00,54.5 °F,53.1 °F,95 %,WSW,3.0 mph,3.8 mph,29.33 in,0.00 in,0.00 in,0.0,0 w/m²,071024,2024-10-07
06:24:00,54.5 °F,53.1 °F,95 %,WSW,3.4 mph,4.3 mph,29.33 in,0.00 in,0.00 in,0.0,0 w/m²,071024,2024-10-07
06:29:00,54.5 °F,53.1 °F,95 %,WSW,3.7 mph,4.7 mph,29.33 in,0.00 in,0.00 in,0.0,0 w/m²,071024,2024-10-07
06:34:00,54.5 °F,53.1 °F,95 %,WSW,3.8 mph,4.6 mph,29.34 in,0.00 in,0.00 in,0.0,0 w/m²,071024,2024-10-07
06:39:00,54.5 °F,53.1 °F,95 %,WSW,3.5 mph,4.5 mph,29.33 in,0.00 in,0.00 in,0.0,0 w/m²,071024,2024-10-07
06:44:00,54.5 °F,53.1 °F,95 %,WSW,4.3 mph,5.6 mph,29.34 in,0.00 in,0.00 in,0.0,0 w/m²,071024,2024-10-07
06:49:00,54.6 °F,53.2 °F,95 %,WSW,3.9 mph,4.9 mph,29.34 in,0.00 in,0.00 in,0.0,0 w/m²,071024,2024-10-07
06:54:00,54.8 °F,53.3 °F,95 %,WSW,3.8 mph,5.0 mph,29.34 in,0.00 in,0.00 in,0.0,0 w/m²,071024,2024-10-07
06:59:00,54.9 °F,53.4 °F,95 %,WSW,3.9 mph,4.7 mph,29.34 in,0.00 in,0.00 in,0.0,0 w/m²,071024,2024-10-07
07:04:00,54.9 °F,53.4 °F,95 %,WSW,4.5 mph,6.2 mph,29.34 in,0.00 in,0.00 in,0.0,0 w/m²,071024,2024-10-07
07:09:00,54.8 °F,53.3 °F,95 %,WSW,4.6 mph,5.7 mph,29.34 in,0.00 in,0.00 in,0.0,0 w/m²,071024,2024-10-07
07:14:00,54.6 °F,53.1 °F,95 %,WSW,4.2 mph,5.5 mph,29.34 in,0.00 in,0.00 in,0.0,0 w/m²,071024,2024-10-07
07:19:00,54.3 °F,52.9 °F,95 %,WSW,4.2 mph,5.7 mph,29.34 in,0.00 in,0.00 in,0.0,0 w/m²,071024,2024-10-07
07:24:00,54.3 °F,52.9 °F,95 %,WSW,4.0 mph,5.0 mph,29.34 in,0.00 in,0.00 in,0.0,0 w/m²,071024,2024-10-07
07:29:00,54.1 °F,52.7 °F,95 %,WSW,3.8 mph,4.8 mph,29.35 in,0.00 in,0.00 in,0.0,0 w/m²,071024,2024-10-07
07:34:00,54.0 °F,52.5 °F,95 %,WSW,3.9 mph,5.2 mph,29.35 in,0.00 in,0.00 in,0.0,0.1 w/m²,071024,2024-10-07
07:39:00,54.0 °F,52.5 °F,95 %,WSW,4.1 mph,5.2 mph,29.34 in,0.00 in,0.00 in,0.0,0.2 w/m²,071024,2024-10-07
07:44:00,53.9 °F,52.4 °F,95 %,WSW,3.7 mph,4.9 mph,29.35 in,0.00 in,0.00 in,0.0,0.5 w/m²,071024,2024-10-07
07:49:00,53.7 °F,52.2 °F,95 %,WSW,3.8 mph,4.8 mph,29.35 in,0.00 in,0.00 in,0.0,1 w/m²,071024,2024-10-07
07:54:00,53.6 °F,52.2 °F,95 %,WSW,3.3 mph,4.2 mph,29.35 in,0.00 in,0.00 in,0.0,1.7 w/m²,071024,2024-10-07
07:59:00,53.5 °F,52.1 °F,95 %,WSW,3.0 mph,3.8 mph,29.35 in,0.00 in,0.00 in,0.0,3 w/m²,071024,2024-10-07
08:04:00,53.4 °F,52.0 °F,95 %,WSW,3.2 mph,3.9 mph,29.35 in,0.00 in,0.00 in,0.0,4.6 w/m²,071024,2024-10-07
08:09:00,53.4 °F,52.0 °F,95 %,WSW,3.6 mph,4.4 mph,29.35 in,0.05 in,0.01 in,0.0,6.6 w/m²,071024,2024-10-07
08:14:00,53.4 °F,52.0 °F,95 %,WSW,3.2 mph,4.2 mph,29.35 in,0.05 in,0.01 in,0.0,9.1 w/m²,071024,2024-10-07
08:19:00,53.4 °F,52.0 °F,95 %,WSW,2.7 mph,3.8 mph,29.35 in,0.05 in,0.01 in,0.0,11.5 w/m²,071024,2024-10-07
08:24:00,53.4 °F,52.0 °F,95 %,WSW,2.9 mph,3.6 mph,29.35 in,0.00 in,0.01 in,0.0,13.8 w/m²,071024,2024-10-07
08:29:00,53.4 °F,52.0 °F,95 %,WSW,2.4 mph,3.3 mph,29.35 in,0.00 in,0.01 in,0.0,16.1 w/m²,071024,2024-10-07
08:34:00,53.4 °F,51.9 °F,95 %,WSW,3.2 mph,4.7 mph,29.35 in,0.00 in,0.01 in,0.0,18.8 w/m²,071024,2024-10-07
08:39:00,53.6 °F,51.8 °F,94 %,WSW,2.9 mph,3.6 mph,29.35 in,0.00 in,0.01 in,0.0,21.2 w/m²,071024,2024-10-07
08:44:00,53.6 °F,51.8 °F,94 %,WSW,2.3 mph,3.0 mph,29.35 in,0.00 in,0.01 in,0.0,23.7 w/m²,071024,2024-10-07
08:49:00,53.8 °F,52.0 °F,94 %,West,1.7 mph,2.3 mph,29.35 in,0.00 in,0.01 in,0.0,26.2 w/m²,071024,2024-10-07
08:54:00,53.9 °F,52.1 °F,94 %,WSW,2.5 mph,3.1 mph,29.35 in,0.00 in,0.01 in,0.0,28.7 w/m²,071024,2024-10-07
08:59:00,54.0 °F,52.1 °F,93 %,West,2.5 mph,3.1 mph,29.35 in,0.00 in,0.01 in,0.0,31.1 w/m²,071024,2024-10-07
09:04:00,54.1 °F,52.2 °F,93 %,WSW,2.1 mph,2.8 mph,29.35 in,0.00 in,0.01 in,0.0,32.7 w/m²,071024,2024-10-07
09:09:00,54.3 °F,52.3 °F,93 %,WSW,2.6 mph,3.3 mph,29.35 in,0.00 in,0.01 in,0.0,36.2 w/m²,071024,2024-10-07
09:14:00,54.5 °F,52.5 °F,93 %,WSW,2.8 mph,3.7 mph,29.35 in,0.00 in,0.01 in,0.0,38.5 w/m²,071024,2024-10-07
09:19:00,54.7 °F,52.6 °F,92 %,WSW,2.4 mph,3.0 mph,29.36 in,0.00 in,0.01 in,0.0,40.6 w/m²,071024,2024-10-07
09:24:00,55.0 °F,52.8 °F,92 %,WSW,2.4 mph,3.0 mph,29.35 in,0.00 in,0.01 in,0.0,41.4 w/m²,071024,2024-10-07
09:29:00,55.3 °F,53.1 °F,92 %,WSW,3.0 mph,4.1 mph,29.36 in,0.00 in,0.01 in,0.0,49.4 w/m²,071024,2024-10-07
09:34:00,55.6 °F,53.1 °F,91 %,WSW,3.4 mph,4.3 mph,29.36 in,0.00 in,0.01 in,0.0,54.7 w/m²,071024,2024-10-07
09:39:00,55.9 °F,53.3 °F,91 %,WSW,3.9 mph,5.2 mph,29.36 in,0.00 in,0.01 in,0.0,61.7 w/m²,071024,2024-10-07
09:44:00,56.0 °F,53.4 °F,91 %,WSW,5.0 mph,6.5 mph,29.36 in,0.00 in,0.01 in,0.0,70 w/m²,071024,2024-10-07
09:49:00,56.2 °F,53.3 °F,90 %,WSW,5.2 mph,6.8 mph,29.37 in,0.00 in,0.01 in,0.0,82.1 w/m²,071024,2024-10-07
09:54:00,56.3 °F,53.4 °F,90 %,WSW,6.0 mph,7.6 mph,29.37 in,0.00 in,0.01 in,0.0,98 w/m²,071024,2024-10-07
09:59:00,56.7 °F,53.8 °F,90 %,WSW,4.6 mph,6.1 mph,29.37 in,0.00 in,0.01 in,1.0,107.3 w/m²,071024,2024-10-07
10:04:00,56.9 °F,53.9 °F,90 %,WSW,4.3 mph,5.3 mph,29.37 in,0.00 in,0.01 in,1.0,110.6 w/m²,071024,2024-10-07
10:09:00,57.0 °F,53.8 °F,89 %,WSW,5.0 mph,6.2 mph,29.37 in,0.00 in,0.01 in,1.0,116.2 w/m²,071024,2024-10-07
10:14:00,57.3 °F,54.1 °F,89 %,WSW,5.3 mph,6.9 mph,29.38 in,0.00 in,0.01 in,1.0,120 w/m²,071024,2024-10-07
10:19:00,57.5 °F,54.1 °F,89 %,WSW,4.9 mph,6.6 mph,29.37 in,0.00 in,0.01 in,1.0,123.8 w/m²,071024,2024-10-07
10:24:00,57.7 °F,54.3 °F,89 %,WSW,4.5 mph,5.7 mph,29.38 in,0.00 in,0.01 in,1.0,125.8 w/m²,071024,2024-10-07
10:29:00,57.8 °F,54.3 °F,88 %,WSW,4.9 mph,6.8 mph,29.38 in,0.00 in,0.01 in,1.0,137.2 w/m²,071024,2024-10-07
10:34:00,58.1 °F,54.5 °F,88 %,WSW,5.4 mph,7.2 mph,29.38 in,0.00 in,0.01 in,1.0,144.1 w/m²,071024,2024-10-07
10:39:00,58.3 °F,54.7 °F,88 %,WSW,4.8 mph,6.5 mph,29.38 in,0.00 in,0.01 in,1.0,154.7 w/m²,071024,2024-10-07
10:44:00,58.3 °F,54.7 °F,88 %,WSW,6.0 mph,7.6 mph,29.38 in,0.00 in,0.01 in,1.0,164.3 w/m²,071024,2024-10-07
10:49:00,58.1 °F,54.5 °F,88 %,WSW,6.1 mph,7.9 mph,29.39 in,0.00 in,0.01 in,2.0,206.6 w/m²,071024,2024-10-07
10:54:00,58.2 °F,54.7 °F,88 %,WSW,5.8 mph,7.8 mph,29.39 in,0.00 in,0.01 in,2.0,231.6 w/m²,071024,2024-10-07
10:59:00,58.6 °F,55.0 °F,88 %,WSW,5.1 mph,6.3 mph,29.40 in,0.00 in,0.01 in,2.0,226.6 w/m²,071024,2024-10-07
11:04:00,58.6 °F,54.9 °F,87 %,WSW,6.3 mph,8.5 mph,29.39 in,0.00 in,0.01 in,2.0,245.4 w/m²,071024,2024-10-07
11:09:00,58.4 °F,54.7 °F,87 %,WSW,6.2 mph,8.1 mph,29.40 in,0.00 in,0.01 in,2.0,276.5 w/m²,071024,2024-10-07
11:14:00,58.8 °F,55.0 °F,87 %,WSW,5.5 mph,7.6 mph,29.40 in,0.00 in,0.01 in,2.0,282.8 w/m²,071024,2024-10-07
11:19:00,59.3 °F,55.3 °F,86 %,WSW,5.8 mph,7.5 mph,29.40 in,0.00 in,0.01 in,2.0,281.9 w/m²,071024,2024-10-07
11:24:00,59.2 °F,54.9 °F,86 %,WSW,6.4 mph,8.7 mph,29.40 in,0.00 in,0.01 in,2.0,287.6 w/m²,071024,2024-10-07
11:29:00,59.4 °F,54.9 °F,85 %,WSW,6.2 mph,7.6 mph,29.39 in,0.00 in,0.01 in,2.0,295.7 w/m²,071024,2024-10-07
11:34:00,59.5 °F,55.2 °F,85 %,WSW,5.1 mph,6.6 mph,29.39 in,0.00 in,0.01 in,3.0,310 w/m²,071024,2024-10-07
11:39:00,60.5 °F,56.0 °F,85 %,WSW,3.3 mph,4.1 mph,29.39 in,0.00 in,0.01 in,2.0,306.6 w/m²,071024,2024-10-07
11:44:00,60.4 °F,55.5 °F,84 %,WSW,3.4 mph,4.2 mph,29.38 in,0.00 in,0.01 in,3.0,337.4 w/m²,071024,2024-10-07
11:49:00,60.5 °F,55.4 °F,84 %,WSW,3.8 mph,5.1 mph,29.38 in,0.00 in,0.01 in,2.0,292.2 w/m²,071024,2024-10-07
11:54:00,60.4 °F,55.5 °F,84 %,WSW,4.1 mph,5.1 mph,29.37 in,0.00 in,0.01 in,2.0,259.1 w/m²,071024,2024-10-07
11:59:00,60.4 °F,55.5 °F,84 %,WSW,3.4 mph,4.3 mph,29.37 in,0.00 in,0.01 in,2.0,241.1 w/m²,071024,2024-10-07
12:04:00,60.3 °F,55.4 °F,84 %,WSW,3.7 mph,4.6 mph,29.38 in,0.00 in,0.01 in,3.0,327.2 w/m²,071024,2024-10-07
12:09:00,60.7 °F,55.9 °F,84 %,WSW,3.9 mph,4.8 mph,29.38 in,0.00 in,0.01 in,3.0,374.5 w/m²,071024,2024-10-07
12:14:00,60.9 °F,55.8 °F,83 %,WSW,4.8 mph,5.8 mph,29.39 in,0.00 in,0.01 in,2.0,283 w/m²,071024,2024-10-07
12:19:00,60.8 °F,55.9 °F,84 %,WSW,4.1 mph,5.2 mph,29.38 in,0.00 in,0.01 in,2.0,281.8 w/m²,071024,2024-10-07
12:24:00,61.0 °F,56.0 °F,84 %,WSW,4.7 mph,6.1 mph,29.38 in,0.00 in,0.01 in,2.0,280.1 w/m²,071024,2024-10-07
12:29:00,61.1 °F,56.0 °F,83 %,WSW,4.4 mph,5.5 mph,29.38 in,0.00 in,0.01 in,2.0,249.2 w/m²,071024,2024-10-07
12:34:00,60.9 °F,55.8 °F,83 %,WSW,4.6 mph,5.9 mph,29.39 in,0.00 in,0.01 in,3.0,314.7 w/m²,071024,2024-10-07
12:39:00,61.3 °F,56.0 °F,83 %,WSW,5.7 mph,7.2 mph,29.38 in,0.00 in,0.01 in,3.0,350.4 w/m²,071024,2024-10-07
12:44:00,61.6 °F,56.1 °F,82 %,WSW,4.7 mph,6.0 mph,29.39 in,0.00 in,0.01 in,3.0,376.3 w/m²,071024,2024-10-07
12:49:00,62.2 °F,56.6 °F,82 %,WSW,4.0 mph,5.1 mph,29.39 in,0.00 in,0.01 in,3.0,349.6 w/m²,071024,2024-10-07
12:54:00,62.6 °F,56.6 °F,81 %,WSW,3.1 mph,4.2 mph,29.38 in,0.00 in,0.01 in,3.0,345.7 w/m²,071024,2024-10-07
12:59:00,62.8 °F,56.5 °F,80 %,WSW,4.2 mph,5.8 mph,29.38 in,0.00 in,0.01 in,3.0,314.8 w/m²,071024,2024-10-07
13:04:00,62.5 °F,56.1 °F,79 %,WSW,5.5 mph,7.4 mph,29.39 in,0.00 in,0.01 in,2.0,295.1 w/m²,071024,2024-10-07
13:09:00,62.3 °F,55.9 °F,79 %,WSW,5.9 mph,7.6 mph,29.39 in,0.00 in,0.01 in,2.0,294.9 w/m²,071024,2024-10-07
13:14:00,62.5 °F,56.1 °F,79 %,WSW,4.9 mph,6.7 mph,29.39 in,0.00 in,0.01 in,3.0,336.3 w/m²,071024,2024-10-07
13:19:00,63.1 °F,56.3 °F,79 %,WSW,5.0 mph,6.4 mph,29.38 in,0.00 in,0.01 in,3.0,371.3 w/m²,071024,2024-10-07
13:24:00,62.8 °F,56.2 °F,79 %,WSW,4.3 mph,5.3 mph,29.39 in,0.00 in,0.01 in,3.0,340.8 w/m²,071024,2024-10-07
13:29:00,62.7 °F,56.2 °F,79 %,WSW,4.2 mph,5.3 mph,29.39 in,0.00 in,0.01 in,3.0,337.5 w/m²,071024,2024-10-07
13:34:00,62.8 °F,56.1 °F,79 %,WSW,4.8 mph,5.9 mph,29.39 in,0.00 in,0.01 in,2.0,286 w/m²,071024,2024-10-07
13:39:00,63.2 °F,56.5 °F,79 %,WSW,3.5 mph,4.8 mph,29.39 in,0.00 in,0.01 in,4.0,440.6 w/m²,071024,2024-10-07
13:44:00,64.2 °F,56.7 °F,77 %,WSW,5.1 mph,6.6 mph,29.38 in,0.00 in,0.01 in,4.0,428.9 w/m²,071024,2024-10-07
13:49:00,64.8 °F,57.0 °F,76 %,WSW,3.0 mph,3.9 mph,29.37 in,0.00 in,0.01 in,4.0,457 w/m²,071024,2024-10-07
13:54:00,65.0 °F,56.8 °F,75 %,WSW,4.0 mph,5.3 mph,29.37 in,0.00 in,0.01 in,3.0,382.2 w/m²,071024,2024-10-07
13:59:00,64.4 °F,56.3 °F,75 %,WSW,5.1 mph,6.7 mph,29.37 in,0.00 in,0.01 in,3.0,389.7 w/m²,071024,2024-10-07
14:04:00,64.1 °F,55.8 °F,75 %,WSW,6.4 mph,8.1 mph,29.37 in,0.00 in,0.01 in,3.0,357.2 w/m²,071024,2024-10-07
14:09:00,64.0 °F,56.1 °F,75 %,WSW,3.4 mph,4.4 mph,29.37 in,0.00 in,0.01 in,3.0,393 w/m²,071024,2024-10-07
14:14:00,64.8 °F,56.3 °F,74 %,WSW,4.1 mph,5.2 mph,29.37 in,0.00 in,0.01 in,3.0,404.5 w/m²,071024,2024-10-07
14:19:00,64.9 °F,56.1 °F,73 %,WSW,4.4 mph,5.7 mph,29.37 in,0.00 in,0.01 in,3.0,346 w/m²,071024,2024-10-07
14:24:00,64.4 °F,55.9 °F,74 %,WSW,3.6 mph,4.9 mph,29.37 in,0.00 in,0.01 in,4.0,437.8 w/m²,071024,2024-10-07
14:29:00,65.2 °F,56.3 °F,73 %,WSW,3.7 mph,4.8 mph,29.37 in,0.00 in,0.01 in,4.0,414.8 w/m²,071024,2024-10-07
14:34:00,65.5 °F,56.3 °F,72 %,WSW,3.4 mph,4.2 mph,29.36 in,0.00 in,0.01 in,4.0,416.6 w/m²,071024,2024-10-07
14:39:00,65.7 °F,55.5 °F,70 %,WSW,4.3 mph,6.1 mph,29.36 in,0.00 in,0.01 in,3.0,338.5 w/m²,071024,2024-10-07
14:44:00,66.4 °F,56.1 °F,70 %,West,2.9 mph,4.1 mph,29.36 in,0.00 in,0.01 in,3.0,349.6 w/m²,071024,2024-10-07
14:49:00,66.4 °F,55.7 °F,68 %,WSW,2.7 mph,4.2 mph,29.36 in,0.00 in,0.01 in,3.0,345.7 w/m²,071024,2024-10-07
